Date,Hour,Sitename,LocationName,LocationGroup,Weekday,BRCYear,BRCQuarter,BRCMonthName,BRCWeek,InCount,OutCount,TotalCount,BusinessInCount,BusinessOutCount,BusinessTotalCount,FactoredInCount,FactoredOutCount,FactoredTotalCount2015-11-02,0,Leeds,Briggate,,Monday,2015,4,November,44,62,0,62,0,0,0,62,0,622015-11-02,0,Leeds,"Briggate at McDonalds	",,Monday,2015,4,November,44,56,0,56,0,0,0,56,0,562015-11-02,0,Leeds,Commercial Street at Sharps,,Monday,2015,4,November,44,18,0,18,0,0,0,18,0,182015-11-02,0,Leeds,Commercial Street at Barratts,,Monday,2015,4,November,44,22,0,22,0,0,0,22,0,222015-11-02,0,Leeds,Headrow,,Monday,2015,4,November,44,18,0,18,0,0,0,18,0,182015-11-02,0,Leeds,"Dortmund Square	",,Monday,2015,4,November,44,48,0,48,0,0,0,48,0,482015-11-02,0,Leeds,Albion Street South,,Monday,2015,4,November,44,29,0,29,0,0,0,29,0,292015-11-02,0,Leeds,Albion Street North,,Monday,2015,4,November,44,3,0,3,0,0,0,3,0,32015-11-02,1,Leeds,Briggate,,Monday,2015,4,November,44,25,0,25,0,0,0,25,0,252015-11-02,1,Leeds,"Briggate at McDonalds	",,Monday,2015,4,November,44,48,0,48,0,0,0,48,0,482015-11-02,1,Leeds,Commercial Street at Sharps,,Monday,2015,4,November,44,4,0,4,0,0,0,4,0,42015-11-02,1,Leeds,Commercial Street at Barratts,,Monday,2015,4,November,44,1,0,1,0,0,0,1,0,12015-11-02,1,Leeds,Headrow,,Monday,2015,4,November,44,21,0,21,0,0,0,21,0,212015-11-02,1,Leeds,"Dortmund Square	",,Monday,2015,4,November,44,11,0,11,0,0,0,11,0,112015-11-02,1,Leeds,Albion Street South,,Monday,2015,4,November,44,19,0,19,0,0,0,19,0,192015-11-02,1,Leeds,Albion Street North,,Monday,2015,4,November,44,0,0,0,0,0,0,0,0,02015-11-02,2,Leeds,Briggate,,Monday,2015,4,November,44,14,0,14,0,0,0,14,0,142015-11-02,2,Leeds,"Briggate at McDonalds	",,Monday,2015,4,November,44,26,0,26,0,0,0,26,0,262015-11-02,2,Leeds,Commercial Street at Sharps,,Monday,2015,4,November,44,7,0,7,0,0,0,7,0,72015-11-02,2,Leeds,Commercial Street at Barratts,,Monday,2015,4,November,44,0,0,0,0,0,0,0,0,02015-11-02,2,Leeds,Headrow,,Monday,2015,4,November,44,7,0,7,0,0,0,7,0,72015-11-02,2,Leeds,"Dortmund Square	",,Monday,2015,4,November,44,9,0,9,0,0,0,9,0,92015-11-02,2,Leeds,Albion Street South,,Monday,2015,4,November,44,13,0,13,0,0,0,13,0,132015-11-02,2,Leeds,Albion Street North,,Monday,2015,4,November,44,0,0,0,0,0,0,0,0,02015-11-02,3,Leeds,Briggate,,Monday,2015,4,November,44,26,0,26,0,0,0,26,0,262015-11-02,3,Leeds,"Briggate at McDonalds	",,Monday,2015,4,November,44,29,0,29,0,0,0,29,0,292015-11-02,3,Leeds,Commercial Street at Sharps,,Monday,2015,4,November,44,0,0,0,0,0,0,0,0,02015-11-02,3,Leeds,Commercial Street at Barratts,,Monday,2015,4,November,44,0,0,0,0,0,0,0,0,02015-11-02,3,Leeds,Headrow,,Monday,2015,4,November,44,2,0,2,0,0,0,2,0,22015-11-02,3,Leeds,"Dortmund Square	",,Monday,2015,4,November,44,12,0,12,0,0,0,12,0,122015-11-02,3,Leeds,Albion Street South,,Monday,2015,4,November,44,13,0,13,0,0,0,13,0,132015-11-02,3,Leeds,Albion Street North,,Monday,2015,4,November,44,0,0,0,0,0,0,0,0,02015-11-02,4,Leeds,Briggate,,Monday,2015,4,November,44,11,0,11,0,0,0,11,0,112015-11-02,4,Leeds,"Briggate at McDonalds	",,Monday,2015,4,November,44,7,0,7,0,0,0,7,0,72015-11-02,4,Leeds,Commercial Street at Sharps,,Monday,2015,4,November,44,1,0,1,0,0,0,1,0,12015-11-02,4,Leeds,Commercial Street at Barratts,,Monday,2015,4,November,44,1,0,1,0,0,0,1,0,12015-11-02,4,Leeds,Headrow,,Monday,2015,4,November,44,10,0,10,0,0,0,10,0,102015-11-02,4,Leeds,"Dortmund Square	",,Monday,2015,4,November,44,11,0,11,0,0,0,11,0,112015-11-02,4,Leeds,Albion Street South,,Monday,2015,4,November,44,8,0,8,0,0,0,8,0,82015-11-02,4,Leeds,Albion Street North,,Monday,2015,4,November,44,0,0,0,0,0,0,0,0,02015-11-02,5,Leeds,Briggate,,Monday,2015,4,November,44,36,0,36,0,0,0,36,0,362015-11-02,5,Leeds,"Briggate at McDonalds	",,Monday,2015,4,November,44,58,0,58,0,0,0,58,0,582015-11-02,5,Leeds,Commercial Street at Sharps,,Monday,2015,4,November,44,5,0,5,0,0,0,5,0,52015-11-02,5,Leeds,Commercial Street at Barratts,,Monday,2015,4,November,44,22,0,22,0,0,0,22,0,222015-11-02,5,Leeds,Headrow,,Monday,2015,4,November,44,22,0,22,0,0,0,22,0,222015-11-02,5,Leeds,"Dortmund Square	",,Monday,2015,4,November,44,33,0,33,0,0,0,33,0,332015-11-02,5,Leeds,Albion Street South,,Monday,2015,4,November,44,81,0,81,0,0,0,81,0,812015-11-02,5,Leeds,Albion Street North,,Monday,2015,4,November,44,24,0,24,0,0,0,24,0,242015-11-02,6,Leeds,Briggate,,Monday,2015,4,November,44,61,0,61,0,0,0,61,0,612015-11-02,6,Leeds,"Briggate at McDonalds	",,Monday,2015,4,November,44,97,0,97,0,0,0,97,0,972015-11-02,6,Leeds,Commercial Street at Sharps,,Monday,2015,4,November,44,62,0,62,0,0,0,62,0,622015-11-02,6,Leeds,Commercial Street at Barratts,,Monday,2015,4,November,44,94,0,94,0,0,0,94,0,942015-11-02,6,Leeds,Headrow,,Monday,2015,4,November,44,72,0,72,0,0,0,72,0,722015-11-02,6,Leeds,"Dortmund Square	",,Monday,2015,4,November,44,110,0,110,0,0,0,110,0,1102015-11-02,6,Leeds,Albion Street South,,Monday,2015,4,November,44,79,0,79,0,0,0,79,0,792015-11-02,6,Leeds,Albion Street North,,Monday,2015,4,November,44,28,0,28,0,0,0,28,0,282015-11-02,7,Leeds,Briggate,,Monday,2015,4,November,44,500,0,500,0,0,0,500,0,5002015-11-02,7,Leeds,"Briggate at McDonalds	",,Monday,2015,4,November,44,226,0,226,0,0,0,226,0,2262015-11-02,7,Leeds,Commercial Street at Sharps,,Monday,2015,4,November,44,167,0,167,0,0,0,167,0,1672015-11-02,7,Leeds,Commercial Street at Barratts,,Monday,2015,4,November,44,214,0,214,0,0,0,214,0,2142015-11-02,7,Leeds,Headrow,,Monday,2015,4,November,44,236,0,236,0,0,0,236,0,2362015-11-02,7,Leeds,"Dortmund Square	",,Monday,2015,4,November,44,452,0,452,0,0,0,452,0,4522015-11-02,7,Leeds,Albion Street South,,Monday,2015,4,November,44,384,0,384,0,0,0,384,0,3842015-11-02,7,Leeds,Albion Street North,,Monday,2015,4,November,44,260,0,260,0,0,0,260,0,2602015-11-02,8,Leeds,Briggate,,Monday,2015,4,November,44,948,0,948,0,0,0,948,0,9482015-11-02,8,Leeds,"Briggate at McDonalds	",,Monday,2015,4,November,44,552,0,552,0,0,0,552,0,5522015-11-02,8,Leeds,Commercial Street at Sharps,,Monday,2015,4,November,44,474,0,474,0,0,0,474,0,4742015-11-02,8,Leeds,Commercial Street at Barratts,,Monday,2015,4,November,44,467,0,467,0,0,0,467,0,4672015-11-02,8,Leeds,Headrow,,Monday,2015,4,November,44,612,0,612,0,0,0,612,0,6122015-11-02,8,Leeds,"Dortmund Square	",,Monday,2015,4,November,44,1169,0,1169,0,0,0,1169,0,11692015-11-02,8,Leeds,Albion Street South,,Monday,2015,4,November,44,979,0,979,0,0,0,979,0,9792015-11-02,8,Leeds,Albion Street North,,Monday,2015,4,November,44,741,0,741,0,0,0,741,0,7412015-11-02,9,Leeds,Briggate,,Monday,2015,4,November,44,998,0,998,0,0,0,998,0,9982015-11-02,9,Leeds,"Briggate at McDonalds	",,Monday,2015,4,November,44,634,0,634,0,0,0,634,0,6342015-11-02,9,Leeds,Commercial Street at Sharps,,Monday,2015,4,November,44,686,0,686,0,0,0,686,0,6862015-11-02,9,Leeds,Commercial Street at Barratts,,Monday,2015,4,November,44,527,0,527,0,0,0,527,0,5272015-11-02,9,Leeds,Headrow,,Monday,2015,4,November,44,724,0,724,0,0,0,724,0,7242015-11-02,9,Leeds,"Dortmund Square	",,Monday,2015,4,November,44,1021,0,1021,0,0,0,1021,0,10212015-11-02,9,Leeds,Albion Street South,,Monday,2015,4,November,44,614,0,614,0,0,0,614,0,6142015-11-02,9,Leeds,Albion Street North,,Monday,2015,4,November,44,656,0,656,0,0,0,656,0,6562015-11-02,10,Leeds,Briggate,,Monday,2015,4,November,44,1535,0,1535,0,0,0,1535,0,15352015-11-02,10,Leeds,"Briggate at McDonalds	",,Monday,2015,4,November,44,812,0,812,0,0,0,812,0,8122015-11-02,10,Leeds,Commercial Street at Sharps,,Monday,2015,4,November,44,1112,0,1112,0,0,0,1112,0,11122015-11-02,10,Leeds,Commercial Street at Barratts,,Monday,2015,4,November,44,802,0,802,0,0,0,802,0,8022015-11-02,10,Leeds,Headrow,,Monday,2015,4,November,44,1191,0,1191,0,0,0,1191,0,11912015-11-02,10,Leeds,"Dortmund Square	",,Monday,2015,4,November,44,1228,0,1228,0,0,0,1228,0,12282015-11-02,10,Leeds,Albion Street South,,Monday,2015,4,November,44,968,0,968,0,0,0,968,0,9682015-11-02,10,Leeds,Albion Street North,,Monday,2015,4,November,44,815,0,815,0,0,0,815,0,8152015-11-02,11,Leeds,Briggate,,Monday,2015,4,November,44,2166,0,2166,0,0,0,2166,0,21662015-11-02,11,Leeds,"Briggate at McDonalds	",,Monday,2015,4,November,44,1028,0,1028,0,0,0,1028,0,10282015-11-02,11,Leeds,Commercial Street at Sharps,,Monday,2015,4,November,44,1574,0,1574,0,0,0,1574,0,15742015-11-02,11,Leeds,Commercial Street at Barratts,,Monday,2015,4,November,44,1169,0,1169,0,0,0,1169,0,11692015-11-02,11,Leeds,Headrow,,Monday,2015,4,November,44,1543,0,1543,0,0,0,1543,0,15432015-11-02,11,Leeds,"Dortmund Square	",,Monday,2015,4,November,44,1602,0,1602,0,0,0,1602,0,16022015-11-02,11,Leeds,Albion Street South,,Monday,2015,4,November,44,1960,0,1960,0,0,0,1960,0,19602015-11-02,11,Leeds,Albion Street North,,Monday,2015,4,November,44,1225,0,1225,0,0,0,1225,0,12252015-11-02,12,Leeds,Briggate,,Monday,2015,4,November,44,3916,0,3916,0,0,0,3916,0,39162015-11-02,12,Leeds,"Briggate at McDonalds	",,Monday,2015,4,November,44,1573,0,1573,0,0,0,1573,0,15732015-11-02,12,Leeds,Commercial Street at Sharps,,Monday,2015,4,November,44,2977,0,2977,0,0,0,2977,0,29772015-11-02,12,Leeds,Commercial Street at Barratts,,Monday,2015,4,November,44,2017,0,2017,0,0,0,2017,0,20172015-11-02,12,Leeds,Headrow,,Monday,2015,4,November,44,2495,0,2495,0,0,0,2495,0,24952015-11-02,12,Leeds,"Dortmund Square	",,Monday,2015,4,November,44,2688,0,2688,0,0,0,2688,0,26882015-11-02,12,Leeds,Albion Street South,,Monday,2015,4,November,44,4000,0,4000,0,0,0,4000,0,40002015-11-02,12,Leeds,Albion Street North,,Monday,2015,4,November,44,2193,0,2193,0,0,0,2193,0,21932015-11-02,13,Leeds,Briggate,,Monday,2015,4,November,44,4046,0,4046,0,0,0,4046,0,40462015-11-02,13,Leeds,"Briggate at McDonalds	",,Monday,2015,4,November,44,1700,0,1700,0,0,0,1700,0,17002015-11-02,13,Leeds,Commercial Street at Sharps,,Monday,2015,4,November,44,2839,0,2839,0,0,0,2839,0,28392015-11-02,13,Leeds,Commercial Street at Barratts,,Monday,2015,4,November,44,1911,0,1911,0,0,0,1911,0,19112015-11-02,13,Leeds,Headrow,,Monday,2015,4,November,44,2573,0,2573,0,0,0,2573,0,25732015-11-02,13,Leeds,"Dortmund Square	",,Monday,2015,4,November,44,2648,0,2648,0,0,0,2648,0,26482015-11-02,13,Leeds,Albion Street South,,Monday,2015,4,November,44,3427,0,3427,0,0,0,3427,0,34272015-11-02,13,Leeds,Albion Street North,,Monday,2015,4,November,44,2381,0,2381,0,0,0,2381,0,23812015-11-02,14,Leeds,Briggate,,Monday,2015,4,November,44,3076,0,3076,0,0,0,3076,0,30762015-11-02,14,Leeds,"Briggate at McDonalds	",,Monday,2015,4,November,44,1464,0,1464,0,0,0,1464,0,14642015-11-02,14,Leeds,Commercial Street at Sharps,,Monday,2015,4,November,44,1935,0,1935,0,0,0,1935,0,19352015-11-02,14,Leeds,Commercial Street at Barratts,,Monday,2015,4,November,44,1467,0,1467,0,0,0,1467,0,14672015-11-02,14,Leeds,Headrow,,Monday,2015,4,November,44,2014,0,2014,0,0,0,2014,0,20142015-11-02,14,Leeds,"Dortmund Square	",,Monday,2015,4,November,44,2095,0,2095,0,0,0,2095,0,20952015-11-02,14,Leeds,Albion Street South,,Monday,2015,4,November,44,2509,0,2509,0,0,0,2509,0,25092015-11-02,14,Leeds,Albion Street North,,Monday,2015,4,November,44,1673,0,1673,0,0,0,1673,0,16732015-11-02,15,Leeds,Briggate,,Monday,2015,4,November,44,2822,0,2822,0,0,0,2822,0,28222015-11-02,15,Leeds,"Briggate at McDonalds	",,Monday,2015,4,November,44,1365,0,1365,0,0,0,1365,0,13652015-11-02,15,Leeds,Commercial Street at Sharps,,Monday,2015,4,November,44,1752,0,1752,0,0,0,1752,0,17522015-11-02,15,Leeds,Commercial Street at Barratts,,Monday,2015,4,November,44,1090,0,1090,0,0,0,1090,0,10902015-11-02,15,Leeds,Headrow,,Monday,2015,4,November,44,1766,0,1766,0,0,0,1766,0,17662015-11-02,15,Leeds,"Dortmund Square	",,Monday,2015,4,November,44,2076,0,2076,0,0,0,2076,0,20762015-11-02,15,Leeds,Albion Street South,,Monday,2015,4,November,44,2286,0,2286,0,0,0,2286,0,22862015-11-02,15,Leeds,Albion Street North,,Monday,2015,4,November,44,1532,0,1532,0,0,0,1532,0,15322015-11-02,16,Leeds,Briggate,,Monday,2015,4,November,44,1752,0,1752,0,0,0,1752,0,17522015-11-02,16,Leeds,"Briggate at McDonalds	",,Monday,2015,4,November,44,1306,0,1306,0,0,0,1306,0,13062015-11-02,16,Leeds,Commercial Street at Sharps,,Monday,2015,4,November,44,1482,0,1482,0,0,0,1482,0,14822015-11-02,16,Leeds,Commercial Street at Barratts,,Monday,2015,4,November,44,1272,0,1272,0,0,0,1272,0,12722015-11-02,16,Leeds,Headrow,,Monday,2015,4,November,44,1821,0,1821,0,0,0,1821,0,18212015-11-02,16,Leeds,"Dortmund Square	",,Monday,2015,4,November,44,2177,0,2177,0,0,0,2177,0,21772015-11-02,16,Leeds,Albion Street South,,Monday,2015,4,November,44,2710,0,2710,0,0,0,2710,0,27102015-11-02,16,Leeds,Albion Street North,,Monday,2015,4,November,44,1205,0,1205,0,0,0,1205,0,12052015-11-02,17,Leeds,Briggate,,Monday,2015,4,November,44,877,0,877,0,0,0,877,0,8772015-11-02,17,Leeds,"Briggate at McDonalds	",,Monday,2015,4,November,44,1130,0,1130,0,0,0,1130,0,11302015-11-02,17,Leeds,Commercial Street at Sharps,,Monday,2015,4,November,44,1330,0,1330,0,0,0,1330,0,13302015-11-02,17,Leeds,Commercial Street at Barratts,,Monday,2015,4,November,44,1101,0,1101,0,0,0,1101,0,11012015-11-02,17,Leeds,Headrow,,Monday,2015,4,November,44,1476,0,1476,0,0,0,1476,0,14762015-11-02,17,Leeds,"Dortmund Square	",,Monday,2015,4,November,44,2032,0,2032,0,0,0,2032,0,20322015-11-02,17,Leeds,Albion Street South,,Monday,2015,4,November,44,2588,0,2588,0,0,0,2588,0,25882015-11-02,17,Leeds,Albion Street North,,Monday,2015,4,November,44,761,0,761,0,0,0,761,0,7612015-11-02,18,Leeds,Briggate,,Monday,2015,4,November,44,638,0,638,0,0,0,638,0,6382015-11-02,18,Leeds,"Briggate at McDonalds	",,Monday,2015,4,November,44,717,0,717,0,0,0,717,0,7172015-11-02,18,Leeds,Commercial Street at Sharps,,Monday,2015,4,November,44,657,0,657,0,0,0,657,0,6572015-11-02,18,Leeds,Commercial Street at Barratts,,Monday,2015,4,November,44,568,0,568,0,0,0,568,0,5682015-11-02,18,Leeds,Headrow,,Monday,2015,4,November,44,798,0,798,0,0,0,798,0,7982015-11-02,18,Leeds,"Dortmund Square	",,Monday,2015,4,November,44,1294,0,1294,0,0,0,1294,0,12942015-11-02,18,Leeds,Albion Street South,,Monday,2015,4,November,44,1228,0,1228,0,0,0,1228,0,12282015-11-02,18,Leeds,Albion Street North,,Monday,2015,4,November,44,353,0,353,0,0,0,353,0,3532015-11-02,19,Leeds,Briggate,,Monday,2015,4,November,44,345,0,345,0,0,0,345,0,3452015-11-02,19,Leeds,"Briggate at McDonalds	",,Monday,2015,4,November,44,431,0,431,0,0,0,431,0,4312015-11-02,19,Leeds,Commercial Street at Sharps,,Monday,2015,4,November,44,358,0,358,0,0,0,358,0,3582015-11-02,19,Leeds,Commercial Street at Barratts,,Monday,2015,4,November,44,252,0,252,0,0,0,252,0,2522015-11-02,19,Leeds,Headrow,,Monday,2015,4,November,44,488,0,488,0,0,0,488,0,4882015-11-02,19,Leeds,"Dortmund Square	",,Monday,2015,4,November,44,697,0,697,0,0,0,697,0,6972015-11-02,19,Leeds,Albion Street South,,Monday,2015,4,November,44,573,0,573,0,0,0,573,0,5732015-11-02,19,Leeds,Albion Street North,,Monday,2015,4,November,44,134,0,134,0,0,0,134,0,1342015-11-02,20,Leeds,Briggate,,Monday,2015,4,November,44,195,0,195,0,0,0,195,0,1952015-11-02,20,Leeds,"Briggate at McDonalds	",,Monday,2015,4,November,44,265,0,265,0,0,0,265,0,2652015-11-02,20,Leeds,Commercial Street at Sharps,,Monday,2015,4,November,44,186,0,186,0,0,0,186,0,1862015-11-02,20,Leeds,Commercial Street at Barratts,,Monday,2015,4,November,44,167,0,167,0,0,0,167,0,1672015-11-02,20,Leeds,Headrow,,Monday,2015,4,November,44,259,0,259,0,0,0,259,0,2592015-11-02,20,Leeds,"Dortmund Square	",,Monday,2015,4,November,44,437,0,437,0,0,0,437,0,4372015-11-02,20,Leeds,Albion Street South,,Monday,2015,4,November,44,329,0,329,0,0,0,329,0,3292015-11-02,20,Leeds,Albion Street North,,Monday,2015,4,November,44,93,0,93,0,0,0,93,0,932015-11-02,21,Leeds,Briggate,,Monday,2015,4,November,44,155,0,155,0,0,0,155,0,1552015-11-02,21,Leeds,"Briggate at McDonalds	",,Monday,2015,4,November,44,179,0,179,0,0,0,179,0,1792015-11-02,21,Leeds,Commercial Street at Sharps,,Monday,2015,4,November,44,89,0,89,0,0,0,89,0,892015-11-02,21,Leeds,Commercial Street at Barratts,,Monday,2015,4,November,44,146,0,146,0,0,0,146,0,1462015-11-02,21,Leeds,Headrow,,Monday,2015,4,November,44,171,0,171,0,0,0,171,0,1712015-11-02,21,Leeds,"Dortmund Square	",,Monday,2015,4,November,44,259,0,259,0,0,0,259,0,2592015-11-02,21,Leeds,Albion Street South,,Monday,2015,4,November,44,192,0,192,0,0,0,192,0,1922015-11-02,21,Leeds,Albion Street North,,Monday,2015,4,November,44,52,0,52,0,0,0,52,0,522015-11-02,22,Leeds,Briggate,,Monday,2015,4,November,44,102,0,102,0,0,0,102,0,1022015-11-02,22,Leeds,"Briggate at McDonalds	",,Monday,2015,4,November,44,153,0,153,0,0,0,153,0,1532015-11-02,22,Leeds,Commercial Street at Sharps,,Monday,2015,4,November,44,82,0,82,0,0,0,82,0,822015-11-02,22,Leeds,Commercial Street at Barratts,,Monday,2015,4,November,44,101,0,101,0,0,0,101,0,1012015-11-02,22,Leeds,Headrow,,Monday,2015,4,November,44,201,0,201,0,0,0,201,0,2012015-11-02,22,Leeds,"Dortmund Square	",,Monday,2015,4,November,44,202,0,202,0,0,0,202,0,2022015-11-02,22,Leeds,Albion Street South,,Monday,2015,4,November,44,164,0,164,0,0,0,164,0,1642015-11-02,22,Leeds,Albion Street North,,Monday,2015,4,November,44,62,0,62,0,0,0,62,0,622015-11-02,23,Leeds,Briggate,,Monday,2015,4,November,44,56,0,56,0,0,0,56,0,562015-11-02,23,Leeds,"Briggate at McDonalds	",,Monday,2015,4,November,44,93,0,93,0,0,0,93,0,932015-11-02,23,Leeds,Commercial Street at Sharps,,Monday,2015,4,November,44,47,0,47,0,0,0,47,0,472015-11-02,23,Leeds,Commercial Street at Barratts,,Monday,2015,4,November,44,36,0,36,0,0,0,36,0,362015-11-02,23,Leeds,Headrow,,Monday,2015,4,November,44,101,0,101,0,0,0,101,0,1012015-11-02,23,Leeds,"Dortmund Square	",,Monday,2015,4,November,44,87,0,87,0,0,0,87,0,872015-11-02,23,Leeds,Albion Street South,,Monday,2015,4,November,44,98,0,98,0,0,0,98,0,982015-11-02,23,Leeds,Albion Street North,,Monday,2015,4,November,44,12,0,12,0,0,0,12,0,122015-11-03,0,Leeds,Briggate,,Tuesday,2015,4,November,44,48,0,48,0,0,0,48,0,482015-11-03,0,Leeds,"Briggate at McDonalds	",,Tuesday,2015,4,November,44,79,0,79,0,0,0,79,0,792015-11-03,0,Leeds,Commercial Street at Sharps,,Tuesday,2015,4,November,44,36,0,36,0,0,0,36,0,362015-11-03,0,Leeds,Commercial Street at Barratts,,Tuesday,2015,4,November,44,0,0,0,0,0,0,0,0,02015-11-03,0,Leeds,Headrow,,Tuesday,2015,4,November,44,42,0,42,0,0,0,42,0,422015-11-03,0,Leeds,"Dortmund Square	",,Tuesday,2015,4,November,44,67,0,67,0,0,0,67,0,672015-11-03,0,Leeds,Albion Street South,,Tuesday,2015,4,November,44,30,0,30,0,0,0,30,0,302015-11-03,0,Leeds,Albion Street North,,Tuesday,2015,4,November,44,12,0,12,0,0,0,12,0,122015-11-03,1,Leeds,Briggate,,Tuesday,2015,4,November,44,49,0,49,0,0,0,49,0,492015-11-03,1,Leeds,"Briggate at McDonalds	",,Tuesday,2015,4,November,44,35,0,35,0,0,0,35,0,352015-11-03,1,Leeds,Commercial Street at Sharps,,Tuesday,2015,4,November,44,19,0,19,0,0,0,19,0,192015-11-03,1,Leeds,Commercial Street at Barratts,,Tuesday,2015,4,November,44,0,0,0,0,0,0,0,0,02015-11-03,1,Leeds,Headrow,,Tuesday,2015,4,November,44,22,0,22,0,0,0,22,0,222015-11-03,1,Leeds,"Dortmund Square	",,Tuesday,2015,4,November,44,45,0,45,0,0,0,45,0,452015-11-03,1,Leeds,Albion Street South,,Tuesday,2015,4,November,44,10,0,10,0,0,0,10,0,102015-11-03,1,Leeds,Albion Street North,,Tuesday,2015,4,November,44,7,0,7,0,0,0,7,0,72015-11-03,2,Leeds,Briggate,,Tuesday,2015,4,November,44,37,0,37,0,0,0,37,0,372015-11-03,2,Leeds,"Briggate at McDonalds	",,Tuesday,2015,4,November,44,17,0,17,0,0,0,17,0,172015-11-03,2,Leeds,Commercial Street at Sharps,,Tuesday,2015,4,November,44,7,0,7,0,0,0,7,0,72015-11-03,2,Leeds,Commercial Street at Barratts,,Tuesday,2015,4,November,44,0,0,0,0,0,0,0,0,02015-11-03,2,Leeds,Headrow,,Tuesday,2015,4,November,44,29,0,29,0,0,0,29,0,292015-11-03,2,Leeds,"Dortmund Square	",,Tuesday,2015,4,November,44,33,0,33,0,0,0,33,0,332015-11-03,2,Leeds,Albion Street South,,Tuesday,2015,4,November,44,80,0,80,0,0,0,80,0,802015-11-03,2,Leeds,Albion Street North,,Tuesday,2015,4,November,44,18,0,18,0,0,0,18,0,182015-11-03,3,Leeds,Briggate,,Tuesday,2015,4,November,44,25,0,25,0,0,0,25,0,252015-11-03,3,Leeds,"Briggate at McDonalds	",,Tuesday,2015,4,November,44,50,0,50,0,0,0,50,0,502015-11-03,3,Leeds,Commercial Street at Sharps,,Tuesday,2015,4,November,44,24,0,24,0,0,0,24,0,242015-11-03,3,Leeds,Commercial Street at Barratts,,Tuesday,2015,4,November,44,0,0,0,0,0,0,0,0,02015-11-03,3,Leeds,Headrow,,Tuesday,2015,4,November,44,19,0,19,0,0,0,19,0,192015-11-03,3,Leeds,"Dortmund Square	",,Tuesday,2015,4,November,44,50,0,50,0,0,0,50,0,502015-11-03,3,Leeds,Albion Street South,,Tuesday,2015,4,November,44,29,0,29,0,0,0,29,0,292015-11-03,3,Leeds,Albion Street North,,Tuesday,2015,4,November,44,2,0,2,0,0,0,2,0,22015-11-03,4,Leeds,Briggate,,Tuesday,2015,4,November,44,64,0,64,0,0,0,64,0,642015-11-03,4,Leeds,"Briggate at McDonalds	",,Tuesday,2015,4,November,44,33,0,33,0,0,0,33,0,332015-11-03,4,Leeds,Commercial Street at Sharps,,Tuesday,2015,4,November,44,24,0,24,0,0,0,24,0,242015-11-03,4,Leeds,Commercial Street at Barratts,,Tuesday,2015,4,November,44,0,0,0,0,0,0,0,0,02015-11-03,4,Leeds,Headrow,,Tuesday,2015,4,November,44,9,0,9,0,0,0,9,0,92015-11-03,4,Leeds,"Dortmund Square	",,Tuesday,2015,4,November,44,20,0,20,0,0,0,20,0,202015-11-03,4,Leeds,Albion Street South,,Tuesday,2015,4,November,44,17,0,17,0,0,0,17,0,172015-11-03,4,Leeds,Albion Street North,,Tuesday,2015,4,November,44,17,0,17,0,0,0,17,0,172015-11-03,5,Leeds,Briggate,,Tuesday,2015,4,November,44,91,0,91,0,0,0,91,0,912015-11-03,5,Leeds,"Briggate at McDonalds	",,Tuesday,2015,4,November,44,46,0,46,0,0,0,46,0,462015-11-03,5,Leeds,Commercial Street at Sharps,,Tuesday,2015,4,November,44,11,0,11,0,0,0,11,0,112015-11-03,5,Leeds,Commercial Street at Barratts,,Tuesday,2015,4,November,44,0,0,0,0,0,0,0,0,02015-11-03,5,Leeds,Headrow,,Tuesday,2015,4,November,44,15,0,15,0,0,0,15,0,152015-11-03,5,Leeds,"Dortmund Square	",,Tuesday,2015,4,November,44,35,0,35,0,0,0,35,0,352015-11-03,5,Leeds,Albion Street South,,Tuesday,2015,4,November,44,85,0,85,0,0,0,85,0,852015-11-03,5,Leeds,Albion Street North,,Tuesday,2015,4,November,44,35,0,35,0,0,0,35,0,352015-11-03,6,Leeds,Briggate,,Tuesday,2015,4,November,44,100,0,100,0,0,0,100,0,1002015-11-03,6,Leeds,"Briggate at McDonalds	",,Tuesday,2015,4,November,44,161,0,161,0,0,0,161,0,1612015-11-03,6,Leeds,Commercial Street at Sharps,,Tuesday,2015,4,November,44,36,0,36,0,0,0,36,0,362015-11-03,6,Leeds,Commercial Street at Barratts,,Tuesday,2015,4,November,44,71,0,71,0,0,0,71,0,712015-11-03,6,Leeds,Headrow,,Tuesday,2015,4,November,44,102,0,102,0,0,0,102,0,1022015-11-03,6,Leeds,"Dortmund Square	",,Tuesday,2015,4,November,44,113,0,113,0,0,0,113,0,1132015-11-03,6,Leeds,Albion Street South,,Tuesday,2015,4,November,44,66,0,66,0,0,0,66,0,662015-11-03,6,Leeds,Albion Street North,,Tuesday,2015,4,November,44,29,0,29,0,0,0,29,0,292015-11-03,7,Leeds,Briggate,,Tuesday,2015,4,November,44,421,0,421,0,0,0,421,0,4212015-11-03,7,Leeds,"Briggate at McDonalds	",,Tuesday,2015,4,November,44,369,0,369,0,0,0,369,0,3692015-11-03,7,Leeds,Commercial Street at Sharps,,Tuesday,2015,4,November,44,154,0,154,0,0,0,154,0,1542015-11-03,7,Leeds,Commercial Street at Barratts,,Tuesday,2015,4,November,44,287,0,287,0,0,0,287,0,2872015-11-03,7,Leeds,Headrow,,Tuesday,2015,4,November,44,247,0,247,0,0,0,247,0,2472015-11-03,7,Leeds,"Dortmund Square	",,Tuesday,2015,4,November,44,446,0,446,0,0,0,446,0,4462015-11-03,7,Leeds,Albion Street South,,Tuesday,2015,4,November,44,437,0,437,0,0,0,437,0,4372015-11-03,7,Leeds,Albion Street North,,Tuesday,2015,4,November,44,274,0,274,0,0,0,274,0,2742015-11-03,8,Leeds,Briggate,,Tuesday,2015,4,November,44,1019,0,1019,0,0,0,1019,0,10192015-11-03,8,Leeds,"Briggate at McDonalds	",,Tuesday,2015,4,November,44,584,0,584,0,0,0,584,0,5842015-11-03,8,Leeds,Commercial Street at Sharps,,Tuesday,2015,4,November,44,533,0,533,0,0,0,533,0,5332015-11-03,8,Leeds,Commercial Street at Barratts,,Tuesday,2015,4,November,44,705,0,705,0,0,0,705,0,7052015-11-03,8,Leeds,Headrow,,Tuesday,2015,4,November,44,641,0,641,0,0,0,641,0,6412015-11-03,8,Leeds,"Dortmund Square	",,Tuesday,2015,4,November,44,1265,0,1265,0,0,0,1265,0,12652015-11-03,8,Leeds,Albion Street South,,Tuesday,2015,4,November,44,834,0,834,0,0,0,834,0,8342015-11-03,8,Leeds,Albion Street North,,Tuesday,2015,4,November,44,749,0,749,0,0,0,749,0,7492015-11-03,9,Leeds,Briggate,,Tuesday,2015,4,November,44,1095,0,1095,0,0,0,1095,0,10952015-11-03,9,Leeds,"Briggate at McDonalds	",,Tuesday,2015,4,November,44,585,0,585,0,0,0,585,0,5852015-11-03,9,Leeds,Commercial Street at Sharps,,Tuesday,2015,4,November,44,579,0,579,0,0,0,579,0,5792015-11-03,9,Leeds,Commercial Street at Barratts,,Tuesday,2015,4,November,44,661,0,661,0,0,0,661,0,6612015-11-03,9,Leeds,Headrow,,Tuesday,2015,4,November,44,805,0,805,0,0,0,805,0,8052015-11-03,9,Leeds,"Dortmund Square	",,Tuesday,2015,4,November,44,1083,0,1083,0,0,0,1083,0,10832015-11-03,9,Leeds,Albion Street South,,Tuesday,2015,4,November,44,1021,0,1021,0,0,0,1021,0,10212015-11-03,9,Leeds,Albion Street North,,Tuesday,2015,4,November,44,805,0,805,0,0,0,805,0,8052015-11-03,10,Leeds,Briggate,,Tuesday,2015,4,November,44,1621,0,1621,0,0,0,1621,0,16212015-11-03,10,Leeds,"Briggate at McDonalds	",,Tuesday,2015,4,November,44,792,0,792,0,0,0,792,0,7922015-11-03,10,Leeds,Commercial Street at Sharps,,Tuesday,2015,4,November,44,1104,0,1104,0,0,0,1104,0,11042015-11-03,10,Leeds,Commercial Street at Barratts,,Tuesday,2015,4,November,44,850,0,850,0,0,0,850,0,8502015-11-03,10,Leeds,Headrow,,Tuesday,2015,4,November,44,1289,0,1289,0,0,0,1289,0,12892015-11-03,10,Leeds,"Dortmund Square	",,Tuesday,2015,4,November,44,1285,0,1285,0,0,0,1285,0,12852015-11-03,10,Leeds,Albion Street South,,Tuesday,2015,4,November,44,1285,0,1285,0,0,0,1285,0,12852015-11-03,10,Leeds,Albion Street North,,Tuesday,2015,4,November,44,936,0,936,0,0,0,936,0,9362015-11-03,11,Leeds,Briggate,,Tuesday,2015,4,November,44,2346,0,2346,0,0,0,2346,0,23462015-11-03,11,Leeds,"Briggate at McDonalds	",,Tuesday,2015,4,November,44,1157,0,1157,0,0,0,1157,0,11572015-11-03,11,Leeds,Commercial Street at Sharps,,Tuesday,2015,4,November,44,1654,0,1654,0,0,0,1654,0,16542015-11-03,11,Leeds,Commercial Street at Barratts,,Tuesday,2015,4,November,44,1227,0,1227,0,0,0,1227,0,12272015-11-03,11,Leeds,Headrow,,Tuesday,2015,4,November,44,1631,0,1631,0,0,0,1631,0,16312015-11-03,11,Leeds,"Dortmund Square	",,Tuesday,2015,4,November,44,1673,0,1673,0,0,0,1673,0,16732015-11-03,11,Leeds,Albion Street South,,Tuesday,2015,4,November,44,1931,0,1931,0,0,0,1931,0,19312015-11-03,11,Leeds,Albion Street North,,Tuesday,2015,4,November,44,1257,0,1257,0,0,0,1257,0,12572015-11-03,12,Leeds,Briggate,,Tuesday,2015,4,November,44,3949,0,3949,0,0,0,3949,0,39492015-11-03,12,Leeds,"Briggate at McDonalds	",,Tuesday,2015,4,November,44,1643,0,1643,0,0,0,1643,0,16432015-11-03,12,Leeds,Commercial Street at Sharps,,Tuesday,2015,4,November,44,2834,0,2834,0,0,0,2834,0,28342015-11-03,12,Leeds,Commercial Street at Barratts,,Tuesday,2015,4,November,44,2267,0,2267,0,0,0,2267,0,22672015-11-03,12,Leeds,Headrow,,Tuesday,2015,4,November,44,2376,0,2376,0,0,0,2376,0,23762015-11-03,12,Leeds,"Dortmund Square	",,Tuesday,2015,4,November,44,2644,0,2644,0,0,0,2644,0,26442015-11-03,12,Leeds,Albion Street South,,Tuesday,2015,4,November,44,2764,0,2764,0,0,0,2764,0,27642015-11-03,12,Leeds,Albion Street North,,Tuesday,2015,4,November,44,2151,0,2151,0,0,0,2151,0,21512015-11-03,13,Leeds,Briggate,,Tuesday,2015,4,November,44,3920,0,3920,0,0,0,3920,0,39202015-11-03,13,Leeds,"Briggate at McDonalds	",,Tuesday,2015,4,November,44,1641,0,1641,0,0,0,1641,0,16412015-11-03,13,Leeds,Commercial Street at Sharps,,Tuesday,2015,4,November,44,2786,0,2786,0,0,0,2786,0,27862015-11-03,13,Leeds,Commercial Street at Barratts,,Tuesday,2015,4,November,44,2221,0,2221,0,0,0,2221,0,22212015-11-03,13,Leeds,Headrow,,Tuesday,2015,4,November,44,2020,0,2020,0,0,0,2020,0,20202015-11-03,13,Leeds,"Dortmund Square	",,Tuesday,2015,4,November,44,2496,0,2496,0,0,0,2496,0,24962015-11-03,13,Leeds,Albion Street South,,Tuesday,2015,4,November,44,3273,0,3273,0,0,0,3273,0,32732015-11-03,13,Leeds,Albion Street North,,Tuesday,2015,4,November,44,2213,0,2213,0,0,0,2213,0,22132015-11-03,14,Leeds,Briggate,,Tuesday,2015,4,November,44,3070,0,3070,0,0,0,3070,0,30702015-11-03,14,Leeds,"Briggate at McDonalds	",,Tuesday,2015,4,November,44,1348,0,1348,0,0,0,1348,0,13482015-11-03,14,Leeds,Commercial Street at Sharps,,Tuesday,2015,4,November,44,1944,0,1944,0,0,0,1944,0,19442015-11-03,14,Leeds,Commercial Street at Barratts,,Tuesday,2015,4,November,44,1633,0,1633,0,0,0,1633,0,16332015-11-03,14,Leeds,Headrow,,Tuesday,2015,4,November,44,1818,0,1818,0,0,0,1818,0,18182015-11-03,14,Leeds,"Dortmund Square	",,Tuesday,2015,4,November,44,2029,0,2029,0,0,0,2029,0,20292015-11-03,14,Leeds,Albion Street South,,Tuesday,2015,4,November,44,2834,0,2834,0,0,0,2834,0,28342015-11-03,14,Leeds,Albion Street North,,Tuesday,2015,4,November,44,1695,0,1695,0,0,0,1695,0,16952015-11-03,15,Leeds,Briggate,,Tuesday,2015,4,November,44,2774,0,2774,0,0,0,2774,0,27742015-11-03,15,Leeds,"Briggate at McDonalds	",,Tuesday,2015,4,November,44,1370,0,1370,0,0,0,1370,0,13702015-11-03,15,Leeds,Commercial Street at Sharps,,Tuesday,2015,4,November,44,1523,0,1523,0,0,0,1523,0,15232015-11-03,15,Leeds,Commercial Street at Barratts,,Tuesday,2015,4,November,44,1323,0,1323,0,0,0,1323,0,13232015-11-03,15,Leeds,Headrow,,Tuesday,2015,4,November,44,1775,0,1775,0,0,0,1775,0,17752015-11-03,15,Leeds,"Dortmund Square	",,Tuesday,2015,4,November,44,1971,0,1971,0,0,0,1971,0,19712015-11-03,15,Leeds,Albion Street South,,Tuesday,2015,4,November,44,2353,0,2353,0,0,0,2353,0,23532015-11-03,15,Leeds,Albion Street North,,Tuesday,2015,4,November,44,1519,0,1519,0,0,0,1519,0,15192015-11-03,16,Leeds,Briggate,,Tuesday,2015,4,November,44,2052,0,2052,0,0,0,2052,0,20522015-11-03,16,Leeds,"Briggate at McDonalds	",,Tuesday,2015,4,November,44,1478,0,1478,0,0,0,1478,0,14782015-11-03,16,Leeds,Commercial Street at Sharps,,Tuesday,2015,4,November,44,1658,0,1658,0,0,0,1658,0,16582015-11-03,16,Leeds,Commercial Street at Barratts,,Tuesday,2015,4,November,44,1296,0,1296,0,0,0,1296,0,12962015-11-03,16,Leeds,Headrow,,Tuesday,2015,4,November,44,1861,0,1861,0,0,0,1861,0,18612015-11-03,16,Leeds,"Dortmund Square	",,Tuesday,2015,4,November,44,2323,0,2323,0,0,0,2323,0,23232015-11-03,16,Leeds,Albion Street South,,Tuesday,2015,4,November,44,1490,0,1490,0,0,0,1490,0,14902015-11-03,16,Leeds,Albion Street North,,Tuesday,2015,4,November,44,1236,0,1236,0,0,0,1236,0,12362015-11-03,17,Leeds,Briggate,,Tuesday,2015,4,November,44,1388,0,1388,0,0,0,1388,0,13882015-11-03,17,Leeds,"Briggate at McDonalds	",,Tuesday,2015,4,November,44,1209,0,1209,0,0,0,1209,0,12092015-11-03,17,Leeds,Commercial Street at Sharps,,Tuesday,2015,4,November,44,1400,0,1400,0,0,0,1400,0,14002015-11-03,17,Leeds,Commercial Street at Barratts,,Tuesday,2015,4,November,44,1318,0,1318,0,0,0,1318,0,13182015-11-03,17,Leeds,Headrow,,Tuesday,2015,4,November,44,1649,0,1649,0,0,0,1649,0,16492015-11-03,17,Leeds,"Dortmund Square	",,Tuesday,2015,4,November,44,1981,0,1981,0,0,0,1981,0,19812015-11-03,17,Leeds,Albion Street South,,Tuesday,2015,4,November,44,1322,0,1322,0,0,0,1322,0,13222015-11-03,17,Leeds,Albion Street North,,Tuesday,2015,4,November,44,838,0,838,0,0,0,838,0,8382015-11-03,18,Leeds,Briggate,,Tuesday,2015,4,November,44,932,0,932,0,0,0,932,0,9322015-11-03,18,Leeds,"Briggate at McDonalds	",,Tuesday,2015,4,November,44,921,0,921,0,0,0,921,0,9212015-11-03,18,Leeds,Commercial Street at Sharps,,Tuesday,2015,4,November,44,795,0,795,0,0,0,795,0,7952015-11-03,18,Leeds,Commercial Street at Barratts,,Tuesday,2015,4,November,44,1041,0,1041,0,0,0,1041,0,10412015-11-03,18,Leeds,Headrow,,Tuesday,2015,4,November,44,968,0,968,0,0,0,968,0,9682015-11-03,18,Leeds,"Dortmund Square	",,Tuesday,2015,4,November,44,1346,0,1346,0,0,0,1346,0,13462015-11-03,18,Leeds,Albion Street South,,Tuesday,2015,4,November,44,1236,0,1236,0,0,0,1236,0,12362015-11-03,18,Leeds,Albion Street North,,Tuesday,2015,4,November,44,416,0,416,0,0,0,416,0,4162015-11-03,19,Leeds,Briggate,,Tuesday,2015,4,November,44,379,0,379,0,0,0,379,0,3792015-11-03,19,Leeds,"Briggate at McDonalds	",,Tuesday,2015,4,November,44,551,0,551,0,0,0,551,0,5512015-11-03,19,Leeds,Commercial Street at Sharps,,Tuesday,2015,4,November,44,382,0,382,0,0,0,382,0,3822015-11-03,19,Leeds,Commercial Street at Barratts,,Tuesday,2015,4,November,44,305,0,305,0,0,0,305,0,3052015-11-03,19,Leeds,Headrow,,Tuesday,2015,4,November,44,530,0,530,0,0,0,530,0,5302015-11-03,19,Leeds,"Dortmund Square	",,Tuesday,2015,4,November,44,789,0,789,0,0,0,789,0,7892015-11-03,19,Leeds,Albion Street South,,Tuesday,2015,4,November,44,600,0,600,0,0,0,600,0,6002015-11-03,19,Leeds,Albion Street North,,Tuesday,2015,4,November,44,240,0,240,0,0,0,240,0,2402015-11-03,20,Leeds,Briggate,,Tuesday,2015,4,November,44,155,0,155,0,0,0,155,0,1552015-11-03,20,Leeds,"Briggate at McDonalds	",,Tuesday,2015,4,November,44,328,0,328,0,0,0,328,0,3282015-11-03,20,Leeds,Commercial Street at Sharps,,Tuesday,2015,4,November,44,190,0,190,0,0,0,190,0,1902015-11-03,20,Leeds,Commercial Street at Barratts,,Tuesday,2015,4,November,44,177,0,177,0,0,0,177,0,1772015-11-03,20,Leeds,Headrow,,Tuesday,2015,4,November,44,349,0,349,0,0,0,349,0,3492015-11-03,20,Leeds,"Dortmund Square	",,Tuesday,2015,4,November,44,542,0,542,0,0,0,542,0,5422015-11-03,20,Leeds,Albion Street South,,Tuesday,2015,4,November,44,344,0,344,0,0,0,344,0,3442015-11-03,20,Leeds,Albion Street North,,Tuesday,2015,4,November,44,151,0,151,0,0,0,151,0,1512015-11-03,21,Leeds,Briggate,,Tuesday,2015,4,November,44,119,0,119,0,0,0,119,0,1192015-11-03,21,Leeds,"Briggate at McDonalds	",,Tuesday,2015,4,November,44,254,0,254,0,0,0,254,0,2542015-11-03,21,Leeds,Commercial Street at Sharps,,Tuesday,2015,4,November,44,124,0,124,0,0,0,124,0,1242015-11-03,21,Leeds,Commercial Street at Barratts,,Tuesday,2015,4,November,44,120,0,120,0,0,0,120,0,1202015-11-03,21,Leeds,Headrow,,Tuesday,2015,4,November,44,216,0,216,0,0,0,216,0,2162015-11-03,21,Leeds,"Dortmund Square	",,Tuesday,2015,4,November,44,302,0,302,0,0,0,302,0,3022015-11-03,21,Leeds,Albion Street South,,Tuesday,2015,4,November,44,235,0,235,0,0,0,235,0,2352015-11-03,21,Leeds,Albion Street North,,Tuesday,2015,4,November,44,88,0,88,0,0,0,88,0,882015-11-03,22,Leeds,Briggate,,Tuesday,2015,4,November,44,74,0,74,0,0,0,74,0,742015-11-03,22,Leeds,"Briggate at McDonalds	",,Tuesday,2015,4,November,44,203,0,203,0,0,0,203,0,2032015-11-03,22,Leeds,Commercial Street at Sharps,,Tuesday,2015,4,November,44,86,0,86,0,0,0,86,0,862015-11-03,22,Leeds,Commercial Street at Barratts,,Tuesday,2015,4,November,44,54,0,54,0,0,0,54,0,542015-11-03,22,Leeds,Headrow,,Tuesday,2015,4,November,44,157,0,157,0,0,0,157,0,1572015-11-03,22,Leeds,"Dortmund Square	",,Tuesday,2015,4,November,44,252,0,252,0,0,0,252,0,2522015-11-03,22,Leeds,Albion Street South,,Tuesday,2015,4,November,44,174,0,174,0,0,0,174,0,1742015-11-03,22,Leeds,Albion Street North,,Tuesday,2015,4,November,44,54,0,54,0,0,0,54,0,542015-11-03,23,Leeds,Briggate,,Tuesday,2015,4,November,44,100,0,100,0,0,0,100,0,1002015-11-03,23,Leeds,"Briggate at McDonalds	",,Tuesday,2015,4,November,44,134,0,134,0,0,0,134,0,1342015-11-03,23,Leeds,Commercial Street at Sharps,,Tuesday,2015,4,November,44,43,0,43,0,0,0,43,0,432015-11-03,23,Leeds,Commercial Street at Barratts,,Tuesday,2015,4,November,44,71,0,71,0,0,0,71,0,712015-11-03,23,Leeds,Headrow,,Tuesday,2015,4,November,44,138,0,138,0,0,0,138,0,1382015-11-03,23,Leeds,"Dortmund Square	",,Tuesday,2015,4,November,44,140,0,140,0,0,0,140,0,1402015-11-03,23,Leeds,Albion Street South,,Tuesday,2015,4,November,44,83,0,83,0,0,0,83,0,832015-11-03,23,Leeds,Albion Street North,,Tuesday,2015,4,November,44,32,0,32,0,0,0,32,0,322015-11-04,0,Leeds,Briggate,,Wednesday,2015,4,November,44,89,0,89,0,0,0,89,0,892015-11-04,0,Leeds,"Briggate at McDonalds	",,Wednesday,2015,4,November,44,72,0,72,0,0,0,72,0,722015-11-04,0,Leeds,Commercial Street at Sharps,,Wednesday,2015,4,November,44,37,0,37,0,0,0,37,0,372015-11-04,0,Leeds,Commercial Street at Barratts,,Wednesday,2015,4,November,44,8,0,8,0,0,0,8,0,82015-11-04,0,Leeds,Headrow,,Wednesday,2015,4,November,44,47,0,47,0,0,0,47,0,472015-11-04,0,Leeds,"Dortmund Square	",,Wednesday,2015,4,November,44,70,0,70,0,0,0,70,0,702015-11-04,0,Leeds,Albion Street South,,Wednesday,2015,4,November,44,56,0,56,0,0,0,56,0,562015-11-04,0,Leeds,Albion Street North,,Wednesday,2015,4,November,44,51,0,51,0,0,0,51,0,512015-11-04,1,Leeds,Briggate,,Wednesday,2015,4,November,44,77,0,77,0,0,0,77,0,772015-11-04,1,Leeds,"Briggate at McDonalds	",,Wednesday,2015,4,November,44,60,0,60,0,0,0,60,0,602015-11-04,1,Leeds,Commercial Street at Sharps,,Wednesday,2015,4,November,44,17,0,17,0,0,0,17,0,172015-11-04,1,Leeds,Commercial Street at Barratts,,Wednesday,2015,4,November,44,5,0,5,0,0,0,5,0,52015-11-04,1,Leeds,Headrow,,Wednesday,2015,4,November,44,35,0,35,0,0,0,35,0,352015-11-04,1,Leeds,"Dortmund Square	",,Wednesday,2015,4,November,44,51,0,51,0,0,0,51,0,512015-11-04,1,Leeds,Albion Street South,,Wednesday,2015,4,November,44,27,0,27,0,0,0,27,0,272015-11-04,1,Leeds,Albion Street North,,Wednesday,2015,4,November,44,11,0,11,0,0,0,11,0,112015-11-04,2,Leeds,Briggate,,Wednesday,2015,4,November,44,73,0,73,0,0,0,73,0,732015-11-04,2,Leeds,"Briggate at McDonalds	",,Wednesday,2015,4,November,44,52,0,52,0,0,0,52,0,522015-11-04,2,Leeds,Commercial Street at Sharps,,Wednesday,2015,4,November,44,17,0,17,0,0,0,17,0,172015-11-04,2,Leeds,Commercial Street at Barratts,,Wednesday,2015,4,November,44,1,0,1,0,0,0,1,0,12015-11-04,2,Leeds,Headrow,,Wednesday,2015,4,November,44,26,0,26,0,0,0,26,0,262015-11-04,2,Leeds,"Dortmund Square	",,Wednesday,2015,4,November,44,66,0,66,0,0,0,66,0,662015-11-04,2,Leeds,Albion Street South,,Wednesday,2015,4,November,44,67,0,67,0,0,0,67,0,672015-11-04,2,Leeds,Albion Street North,,Wednesday,2015,4,November,44,26,0,26,0,0,0,26,0,262015-11-04,3,Leeds,Briggate,,Wednesday,2015,4,November,44,137,0,137,0,0,0,137,0,1372015-11-04,3,Leeds,"Briggate at McDonalds	",,Wednesday,2015,4,November,44,70,0,70,0,0,0,70,0,702015-11-04,3,Leeds,Commercial Street at Sharps,,Wednesday,2015,4,November,44,12,0,12,0,0,0,12,0,122015-11-04,3,Leeds,Commercial Street at Barratts,,Wednesday,2015,4,November,44,26,0,26,0,0,0,26,0,262015-11-04,3,Leeds,Headrow,,Wednesday,2015,4,November,44,31,0,31,0,0,0,31,0,312015-11-04,3,Leeds,"Dortmund Square	",,Wednesday,2015,4,November,44,61,0,61,0,0,0,61,0,612015-11-04,3,Leeds,Albion Street South,,Wednesday,2015,4,November,44,44,0,44,0,0,0,44,0,442015-11-04,3,Leeds,Albion Street North,,Wednesday,2015,4,November,44,32,0,32,0,0,0,32,0,322015-11-04,4,Leeds,Briggate,,Wednesday,2015,4,November,44,84,0,84,0,0,0,84,0,842015-11-04,4,Leeds,"Briggate at McDonalds	",,Wednesday,2015,4,November,44,25,0,25,0,0,0,25,0,252015-11-04,4,Leeds,Commercial Street at Sharps,,Wednesday,2015,4,November,44,5,0,5,0,0,0,5,0,52015-11-04,4,Leeds,Commercial Street at Barratts,,Wednesday,2015,4,November,44,7,0,7,0,0,0,7,0,72015-11-04,4,Leeds,Headrow,,Wednesday,2015,4,November,44,20,0,20,0,0,0,20,0,202015-11-04,4,Leeds,"Dortmund Square	",,Wednesday,2015,4,November,44,29,0,29,0,0,0,29,0,292015-11-04,4,Leeds,Albion Street South,,Wednesday,2015,4,November,44,40,0,40,0,0,0,40,0,402015-11-04,4,Leeds,Albion Street North,,Wednesday,2015,4,November,44,32,0,32,0,0,0,32,0,322015-11-04,5,Leeds,Briggate,,Wednesday,2015,4,November,44,72,0,72,0,0,0,72,0,722015-11-04,5,Leeds,"Briggate at McDonalds	",,Wednesday,2015,4,November,44,38,0,38,0,0,0,38,0,382015-11-04,5,Leeds,Commercial Street at Sharps,,Wednesday,2015,4,November,44,6,0,6,0,0,0,6,0,62015-11-04,5,Leeds,Commercial Street at Barratts,,Wednesday,2015,4,November,44,23,0,23,0,0,0,23,0,232015-11-04,5,Leeds,Headrow,,Wednesday,2015,4,November,44,22,0,22,0,0,0,22,0,222015-11-04,5,Leeds,"Dortmund Square	",,Wednesday,2015,4,November,44,35,0,35,0,0,0,35,0,352015-11-04,5,Leeds,Albion Street South,,Wednesday,2015,4,November,44,62,0,62,0,0,0,62,0,622015-11-04,5,Leeds,Albion Street North,,Wednesday,2015,4,November,44,31,0,31,0,0,0,31,0,312015-11-04,6,Leeds,Briggate,,Wednesday,2015,4,November,44,141,0,141,0,0,0,141,0,1412015-11-04,6,Leeds,"Briggate at McDonalds	",,Wednesday,2015,4,November,44,107,0,107,0,0,0,107,0,1072015-11-04,6,Leeds,Commercial Street at Sharps,,Wednesday,2015,4,November,44,32,0,32,0,0,0,32,0,322015-11-04,6,Leeds,Commercial Street at Barratts,,Wednesday,2015,4,November,44,87,0,87,0,0,0,87,0,872015-11-04,6,Leeds,Headrow,,Wednesday,2015,4,November,44,82,0,82,0,0,0,82,0,822015-11-04,6,Leeds,"Dortmund Square	",,Wednesday,2015,4,November,44,121,0,121,0,0,0,121,0,1212015-11-04,6,Leeds,Albion Street South,,Wednesday,2015,4,November,44,60,0,60,0,0,0,60,0,602015-11-04,6,Leeds,Albion Street North,,Wednesday,2015,4,November,44,19,0,19,0,0,0,19,0,192015-11-04,7,Leeds,Briggate,,Wednesday,2015,4,November,44,375,0,375,0,0,0,375,0,3752015-11-04,7,Leeds,"Briggate at McDonalds	",,Wednesday,2015,4,November,44,339,0,339,0,0,0,339,0,3392015-11-04,7,Leeds,Commercial Street at Sharps,,Wednesday,2015,4,November,44,136,0,136,0,0,0,136,0,1362015-11-04,7,Leeds,Commercial Street at Barratts,,Wednesday,2015,4,November,44,217,0,217,0,0,0,217,0,2172015-11-04,7,Leeds,Headrow,,Wednesday,2015,4,November,44,268,0,268,0,0,0,268,0,2682015-11-04,7,Leeds,"Dortmund Square	",,Wednesday,2015,4,November,44,456,0,456,0,0,0,456,0,4562015-11-04,7,Leeds,Albion Street South,,Wednesday,2015,4,November,44,300,0,300,0,0,0,300,0,3002015-11-04,7,Leeds,Albion Street North,,Wednesday,2015,4,November,44,194,0,194,0,0,0,194,0,1942015-11-04,8,Leeds,Briggate,,Wednesday,2015,4,November,44,1090,0,1090,0,0,0,1090,0,10902015-11-04,8,Leeds,"Briggate at McDonalds	",,Wednesday,2015,4,November,44,619,0,619,0,0,0,619,0,6192015-11-04,8,Leeds,Commercial Street at Sharps,,Wednesday,2015,4,November,44,452,0,452,0,0,0,452,0,4522015-11-04,8,Leeds,Commercial Street at Barratts,,Wednesday,2015,4,November,44,561,0,561,0,0,0,561,0,5612015-11-04,8,Leeds,Headrow,,Wednesday,2015,4,November,44,609,0,609,0,0,0,609,0,6092015-11-04,8,Leeds,"Dortmund Square	",,Wednesday,2015,4,November,44,1216,0,1216,0,0,0,1216,0,12162015-11-04,8,Leeds,Albion Street South,,Wednesday,2015,4,November,44,829,0,829,0,0,0,829,0,8292015-11-04,8,Leeds,Albion Street North,,Wednesday,2015,4,November,44,797,0,797,0,0,0,797,0,7972015-11-04,9,Leeds,Briggate,,Wednesday,2015,4,November,44,1097,0,1097,0,0,0,1097,0,10972015-11-04,9,Leeds,"Briggate at McDonalds	",,Wednesday,2015,4,November,44,634,0,634,0,0,0,634,0,6342015-11-04,9,Leeds,Commercial Street at Sharps,,Wednesday,2015,4,November,44,508,0,508,0,0,0,508,0,5082015-11-04,9,Leeds,Commercial Street at Barratts,,Wednesday,2015,4,November,44,609,0,609,0,0,0,609,0,6092015-11-04,9,Leeds,Headrow,,Wednesday,2015,4,November,44,734,0,734,0,0,0,734,0,7342015-11-04,9,Leeds,"Dortmund Square	",,Wednesday,2015,4,November,44,976,0,976,0,0,0,976,0,9762015-11-04,9,Leeds,Albion Street South,,Wednesday,2015,4,November,44,1089,0,1089,0,0,0,1089,0,10892015-11-04,9,Leeds,Albion Street North,,Wednesday,2015,4,November,44,805,0,805,0,0,0,805,0,8052015-11-04,10,Leeds,Briggate,,Wednesday,2015,4,November,44,1465,0,1465,0,0,0,1465,0,14652015-11-04,10,Leeds,"Briggate at McDonalds	",,Wednesday,2015,4,November,44,627,0,627,0,0,0,627,0,6272015-11-04,10,Leeds,Commercial Street at Sharps,,Wednesday,2015,4,November,44,822,0,822,0,0,0,822,0,8222015-11-04,10,Leeds,Commercial Street at Barratts,,Wednesday,2015,4,November,44,845,0,845,0,0,0,845,0,8452015-11-04,10,Leeds,Headrow,,Wednesday,2015,4,November,44,1134,0,1134,0,0,0,1134,0,11342015-11-04,10,Leeds,"Dortmund Square	",,Wednesday,2015,4,November,44,1190,0,1190,0,0,0,1190,0,11902015-11-04,10,Leeds,Albion Street South,,Wednesday,2015,4,November,44,1338,0,1338,0,0,0,1338,0,13382015-11-04,10,Leeds,Albion Street North,,Wednesday,2015,4,November,44,977,0,977,0,0,0,977,0,9772015-11-04,11,Leeds,Briggate,,Wednesday,2015,4,November,44,2416,0,2416,0,0,0,2416,0,24162015-11-04,11,Leeds,"Briggate at McDonalds	",,Wednesday,2015,4,November,44,783,0,783,0,0,0,783,0,7832015-11-04,11,Leeds,Commercial Street at Sharps,,Wednesday,2015,4,November,44,1140,0,1140,0,0,0,1140,0,11402015-11-04,11,Leeds,Commercial Street at Barratts,,Wednesday,2015,4,November,44,1277,0,1277,0,0,0,1277,0,12772015-11-04,11,Leeds,Headrow,,Wednesday,2015,4,November,44,1554,0,1554,0,0,0,1554,0,15542015-11-04,11,Leeds,"Dortmund Square	",,Wednesday,2015,4,November,44,1632,0,1632,0,0,0,1632,0,16322015-11-04,11,Leeds,Albion Street South,,Wednesday,2015,4,November,44,1943,0,1943,0,0,0,1943,0,19432015-11-04,11,Leeds,Albion Street North,,Wednesday,2015,4,November,44,1069,0,1069,0,0,0,1069,0,10692015-11-04,12,Leeds,Briggate,,Wednesday,2015,4,November,44,3758,0,3758,0,0,0,3758,0,37582015-11-04,12,Leeds,"Briggate at McDonalds	",,Wednesday,2015,4,November,44,1251,0,1251,0,0,0,1251,0,12512015-11-04,12,Leeds,Commercial Street at Sharps,,Wednesday,2015,4,November,44,2126,0,2126,0,0,0,2126,0,21262015-11-04,12,Leeds,Commercial Street at Barratts,,Wednesday,2015,4,November,44,2386,0,2386,0,0,0,2386,0,23862015-11-04,12,Leeds,Headrow,,Wednesday,2015,4,November,44,2528,0,2528,0,0,0,2528,0,25282015-11-04,12,Leeds,"Dortmund Square	",,Wednesday,2015,4,November,44,2586,0,2586,0,0,0,2586,0,25862015-11-04,12,Leeds,Albion Street South,,Wednesday,2015,4,November,44,2576,0,2576,0,0,0,2576,0,25762015-11-04,12,Leeds,Albion Street North,,Wednesday,2015,4,November,44,2108,0,2108,0,0,0,2108,0,21082015-11-04,13,Leeds,Briggate,,Wednesday,2015,4,November,44,4490,0,4490,0,0,0,4490,0,44902015-11-04,13,Leeds,"Briggate at McDonalds	",,Wednesday,2015,4,November,44,1282,0,1282,0,0,0,1282,0,12822015-11-04,13,Leeds,Commercial Street at Sharps,,Wednesday,2015,4,November,44,2302,0,2302,0,0,0,2302,0,23022015-11-04,13,Leeds,Commercial Street at Barratts,,Wednesday,2015,4,November,44,2434,0,2434,0,0,0,2434,0,24342015-11-04,13,Leeds,Headrow,,Wednesday,2015,4,November,44,2519,0,2519,0,0,0,2519,0,25192015-11-04,13,Leeds,"Dortmund Square	",,Wednesday,2015,4,November,44,2481,0,2481,0,0,0,2481,0,24812015-11-04,13,Leeds,Albion Street South,,Wednesday,2015,4,November,44,3204,0,3204,0,0,0,3204,0,32042015-11-04,13,Leeds,Albion Street North,,Wednesday,2015,4,November,44,2476,0,2476,0,0,0,2476,0,24762015-11-04,14,Leeds,Briggate,,Wednesday,2015,4,November,44,3276,0,3276,0,0,0,3276,0,32762015-11-04,14,Leeds,"Briggate at McDonalds	",,Wednesday,2015,4,November,44,1323,0,1323,0,0,0,1323,0,13232015-11-04,14,Leeds,Commercial Street at Sharps,,Wednesday,2015,4,November,44,1779,0,1779,0,0,0,1779,0,17792015-11-04,14,Leeds,Commercial Street at Barratts,,Wednesday,2015,4,November,44,1870,0,1870,0,0,0,1870,0,18702015-11-04,14,Leeds,Headrow,,Wednesday,2015,4,November,44,1934,0,1934,0,0,0,1934,0,19342015-11-04,14,Leeds,"Dortmund Square	",,Wednesday,2015,4,November,44,2052,0,2052,0,0,0,2052,0,20522015-11-04,14,Leeds,Albion Street South,,Wednesday,2015,4,November,44,3268,0,3268,0,0,0,3268,0,32682015-11-04,14,Leeds,Albion Street North,,Wednesday,2015,4,November,44,1808,0,1808,0,0,0,1808,0,18082015-11-04,15,Leeds,Briggate,,Wednesday,2015,4,November,44,3083,0,3083,0,0,0,3083,0,30832015-11-04,15,Leeds,"Briggate at McDonalds	",,Wednesday,2015,4,November,44,1372,0,1372,0,0,0,1372,0,13722015-11-04,15,Leeds,Commercial Street at Sharps,,Wednesday,2015,4,November,44,1585,0,1585,0,0,0,1585,0,15852015-11-04,15,Leeds,Commercial Street at Barratts,,Wednesday,2015,4,November,44,1621,0,1621,0,0,0,1621,0,16212015-11-04,15,Leeds,Headrow,,Wednesday,2015,4,November,44,1748,0,1748,0,0,0,1748,0,17482015-11-04,15,Leeds,"Dortmund Square	",,Wednesday,2015,4,November,44,2097,0,2097,0,0,0,2097,0,20972015-11-04,15,Leeds,Albion Street South,,Wednesday,2015,4,November,44,2871,0,2871,0,0,0,2871,0,28712015-11-04,15,Leeds,Albion Street North,,Wednesday,2015,4,November,44,1668,0,1668,0,0,0,1668,0,16682015-11-04,16,Leeds,Briggate,,Wednesday,2015,4,November,44,2219,0,2219,0,0,0,2219,0,22192015-11-04,16,Leeds,"Briggate at McDonalds	",,Wednesday,2015,4,November,44,1485,0,1485,0,0,0,1485,0,14852015-11-04,16,Leeds,Commercial Street at Sharps,,Wednesday,2015,4,November,44,1574,0,1574,0,0,0,1574,0,15742015-11-04,16,Leeds,Commercial Street at Barratts,,Wednesday,2015,4,November,44,1585,0,1585,0,0,0,1585,0,15852015-11-04,16,Leeds,Headrow,,Wednesday,2015,4,November,44,1979,0,1979,0,0,0,1979,0,19792015-11-04,16,Leeds,"Dortmund Square	",,Wednesday,2015,4,November,44,2307,0,2307,0,0,0,2307,0,23072015-11-04,16,Leeds,Albion Street South,,Wednesday,2015,4,November,44,1881,0,1881,0,0,0,1881,0,18812015-11-04,16,Leeds,Albion Street North,,Wednesday,2015,4,November,44,1508,0,1508,0,0,0,1508,0,15082015-11-04,17,Leeds,Briggate,,Wednesday,2015,4,November,44,1596,0,1596,0,0,0,1596,0,15962015-11-04,17,Leeds,"Briggate at McDonalds	",,Wednesday,2015,4,November,44,1339,0,1339,0,0,0,1339,0,13392015-11-04,17,Leeds,Commercial Street at Sharps,,Wednesday,2015,4,November,44,1375,0,1375,0,0,0,1375,0,13752015-11-04,17,Leeds,Commercial Street at Barratts,,Wednesday,2015,4,November,44,1249,0,1249,0,0,0,1249,0,12492015-11-04,17,Leeds,Headrow,,Wednesday,2015,4,November,44,1705,0,1705,0,0,0,1705,0,17052015-11-04,17,Leeds,"Dortmund Square	",,Wednesday,2015,4,November,44,2026,0,2026,0,0,0,2026,0,20262015-11-04,17,Leeds,Albion Street South,,Wednesday,2015,4,November,44,1563,0,1563,0,0,0,1563,0,15632015-11-04,17,Leeds,Albion Street North,,Wednesday,2015,4,November,44,969,0,969,0,0,0,969,0,9692015-11-04,18,Leeds,Briggate,,Wednesday,2015,4,November,44,1077,0,1077,0,0,0,1077,0,10772015-11-04,18,Leeds,"Briggate at McDonalds	",,Wednesday,2015,4,November,44,983,0,983,0,0,0,983,0,9832015-11-04,18,Leeds,Commercial Street at Sharps,,Wednesday,2015,4,November,44,784,0,784,0,0,0,784,0,7842015-11-04,18,Leeds,Commercial Street at Barratts,,Wednesday,2015,4,November,44,604,0,604,0,0,0,604,0,6042015-11-04,18,Leeds,Headrow,,Wednesday,2015,4,November,44,1027,0,1027,0,0,0,1027,0,10272015-11-04,18,Leeds,"Dortmund Square	",,Wednesday,2015,4,November,44,1340,0,1340,0,0,0,1340,0,13402015-11-04,18,Leeds,Albion Street South,,Wednesday,2015,4,November,44,1319,0,1319,0,0,0,1319,0,13192015-11-04,18,Leeds,Albion Street North,,Wednesday,2015,4,November,44,455,0,455,0,0,0,455,0,4552015-11-04,19,Leeds,Briggate,,Wednesday,2015,4,November,44,623,0,623,0,0,0,623,0,6232015-11-04,19,Leeds,"Briggate at McDonalds	",,Wednesday,2015,4,November,44,659,0,659,0,0,0,659,0,6592015-11-04,19,Leeds,Commercial Street at Sharps,,Wednesday,2015,4,November,44,386,0,386,0,0,0,386,0,3862015-11-04,19,Leeds,Commercial Street at Barratts,,Wednesday,2015,4,November,44,331,0,331,0,0,0,331,0,3312015-11-04,19,Leeds,Headrow,,Wednesday,2015,4,November,44,626,0,626,0,0,0,626,0,6262015-11-04,19,Leeds,"Dortmund Square	",,Wednesday,2015,4,November,44,867,0,867,0,0,0,867,0,8672015-11-04,19,Leeds,Albion Street South,,Wednesday,2015,4,November,44,755,0,755,0,0,0,755,0,7552015-11-04,19,Leeds,Albion Street North,,Wednesday,2015,4,November,44,274,0,274,0,0,0,274,0,2742015-11-04,20,Leeds,Briggate,,Wednesday,2015,4,November,44,283,0,283,0,0,0,283,0,2832015-11-04,20,Leeds,"Briggate at McDonalds	",,Wednesday,2015,4,November,44,325,0,325,0,0,0,325,0,3252015-11-04,20,Leeds,Commercial Street at Sharps,,Wednesday,2015,4,November,44,191,0,191,0,0,0,191,0,1912015-11-04,20,Leeds,Commercial Street at Barratts,,Wednesday,2015,4,November,44,224,0,224,0,0,0,224,0,2242015-11-04,20,Leeds,Headrow,,Wednesday,2015,4,November,44,365,0,365,0,0,0,365,0,3652015-11-04,20,Leeds,"Dortmund Square	",,Wednesday,2015,4,November,44,546,0,546,0,0,0,546,0,5462015-11-04,20,Leeds,Albion Street South,,Wednesday,2015,4,November,44,452,0,452,0,0,0,452,0,4522015-11-04,20,Leeds,Albion Street North,,Wednesday,2015,4,November,44,142,0,142,0,0,0,142,0,1422015-11-04,21,Leeds,Briggate,,Wednesday,2015,4,November,44,292,0,292,0,0,0,292,0,2922015-11-04,21,Leeds,"Briggate at McDonalds	",,Wednesday,2015,4,November,44,358,0,358,0,0,0,358,0,3582015-11-04,21,Leeds,Commercial Street at Sharps,,Wednesday,2015,4,November,44,116,0,116,0,0,0,116,0,1162015-11-04,21,Leeds,Commercial Street at Barratts,,Wednesday,2015,4,November,44,166,0,166,0,0,0,166,0,1662015-11-04,21,Leeds,Headrow,,Wednesday,2015,4,November,44,327,0,327,0,0,0,327,0,3272015-11-04,21,Leeds,"Dortmund Square	",,Wednesday,2015,4,November,44,356,0,356,0,0,0,356,0,3562015-11-04,21,Leeds,Albion Street South,,Wednesday,2015,4,November,44,266,0,266,0,0,0,266,0,2662015-11-04,21,Leeds,Albion Street North,,Wednesday,2015,4,November,44,92,0,92,0,0,0,92,0,922015-11-04,22,Leeds,Briggate,,Wednesday,2015,4,November,44,412,0,412,0,0,0,412,0,4122015-11-04,22,Leeds,"Briggate at McDonalds	",,Wednesday,2015,4,November,44,466,0,466,0,0,0,466,0,4662015-11-04,22,Leeds,Commercial Street at Sharps,,Wednesday,2015,4,November,44,93,0,93,0,0,0,93,0,932015-11-04,22,Leeds,Commercial Street at Barratts,,Wednesday,2015,4,November,44,98,0,98,0,0,0,98,0,982015-11-04,22,Leeds,Headrow,,Wednesday,2015,4,November,44,349,0,349,0,0,0,349,0,3492015-11-04,22,Leeds,"Dortmund Square	",,Wednesday,2015,4,November,44,332,0,332,0,0,0,332,0,3322015-11-04,22,Leeds,Albion Street South,,Wednesday,2015,4,November,44,313,0,313,0,0,0,313,0,3132015-11-04,22,Leeds,Albion Street North,,Wednesday,2015,4,November,44,136,0,136,0,0,0,136,0,1362015-11-04,23,Leeds,Briggate,,Wednesday,2015,4,November,44,231,0,231,0,0,0,231,0,2312015-11-04,23,Leeds,"Briggate at McDonalds	",,Wednesday,2015,4,November,44,283,0,283,0,0,0,283,0,2832015-11-04,23,Leeds,Commercial Street at Sharps,,Wednesday,2015,4,November,44,80,0,80,0,0,0,80,0,802015-11-04,23,Leeds,Commercial Street at Barratts,,Wednesday,2015,4,November,44,50,0,50,0,0,0,50,0,502015-11-04,23,Leeds,Headrow,,Wednesday,2015,4,November,44,191,0,191,0,0,0,191,0,1912015-11-04,23,Leeds,"Dortmund Square	",,Wednesday,2015,4,November,44,251,0,251,0,0,0,251,0,2512015-11-04,23,Leeds,Albion Street South,,Wednesday,2015,4,November,44,152,0,152,0,0,0,152,0,1522015-11-04,23,Leeds,Albion Street North,,Wednesday,2015,4,November,44,64,0,64,0,0,0,64,0,642015-11-05,0,Leeds,Briggate,,Thursday,2015,4,November,44,176,0,176,0,0,0,176,0,1762015-11-05,0,Leeds,"Briggate at McDonalds	",,Thursday,2015,4,November,44,144,0,144,0,0,0,144,0,1442015-11-05,0,Leeds,Commercial Street at Sharps,,Thursday,2015,4,November,44,32,0,32,0,0,0,32,0,322015-11-05,0,Leeds,Commercial Street at Barratts,,Thursday,2015,4,November,44,10,0,10,0,0,0,10,0,102015-11-05,0,Leeds,Headrow,,Thursday,2015,4,November,44,109,0,109,0,0,0,109,0,1092015-11-05,0,Leeds,"Dortmund Square	",,Thursday,2015,4,November,44,80,0,80,0,0,0,80,0,802015-11-05,0,Leeds,Albion Street South,,Thursday,2015,4,November,44,54,0,54,0,0,0,54,0,542015-11-05,0,Leeds,Albion Street North,,Thursday,2015,4,November,44,19,0,19,0,0,0,19,0,192015-11-05,1,Leeds,Briggate,,Thursday,2015,4,November,44,94,0,94,0,0,0,94,0,942015-11-05,1,Leeds,"Briggate at McDonalds	",,Thursday,2015,4,November,44,90,0,90,0,0,0,90,0,902015-11-05,1,Leeds,Commercial Street at Sharps,,Thursday,2015,4,November,44,11,0,11,0,0,0,11,0,112015-11-05,1,Leeds,Commercial Street at Barratts,,Thursday,2015,4,November,44,0,0,0,0,0,0,0,0,02015-11-05,1,Leeds,Headrow,,Thursday,2015,4,November,44,31,0,31,0,0,0,31,0,312015-11-05,1,Leeds,"Dortmund Square	",,Thursday,2015,4,November,44,42,0,42,0,0,0,42,0,422015-11-05,1,Leeds,Albion Street South,,Thursday,2015,4,November,44,51,0,51,0,0,0,51,0,512015-11-05,1,Leeds,Albion Street North,,Thursday,2015,4,November,44,9,0,9,0,0,0,9,0,92015-11-05,2,Leeds,Briggate,,Thursday,2015,4,November,44,80,0,80,0,0,0,80,0,802015-11-05,2,Leeds,"Briggate at McDonalds	",,Thursday,2015,4,November,44,78,0,78,0,0,0,78,0,782015-11-05,2,Leeds,Commercial Street at Sharps,,Thursday,2015,4,November,44,11,0,11,0,0,0,11,0,112015-11-05,2,Leeds,Commercial Street at Barratts,,Thursday,2015,4,November,44,0,0,0,0,0,0,0,0,02015-11-05,2,Leeds,Headrow,,Thursday,2015,4,November,44,43,0,43,0,0,0,43,0,432015-11-05,2,Leeds,"Dortmund Square	",,Thursday,2015,4,November,44,52,0,52,0,0,0,52,0,522015-11-05,2,Leeds,Albion Street South,,Thursday,2015,4,November,44,62,0,62,0,0,0,62,0,622015-11-05,2,Leeds,Albion Street North,,Thursday,2015,4,November,44,6,0,6,0,0,0,6,0,62015-11-05,3,Leeds,Briggate,,Thursday,2015,4,November,44,96,0,96,0,0,0,96,0,962015-11-05,3,Leeds,"Briggate at McDonalds	",,Thursday,2015,4,November,44,76,0,76,0,0,0,76,0,762015-11-05,3,Leeds,Commercial Street at Sharps,,Thursday,2015,4,November,44,4,0,4,0,0,0,4,0,42015-11-05,3,Leeds,Commercial Street at Barratts,,Thursday,2015,4,November,44,0,0,0,0,0,0,0,0,02015-11-05,3,Leeds,Headrow,,Thursday,2015,4,November,44,38,0,38,0,0,0,38,0,382015-11-05,3,Leeds,"Dortmund Square	",,Thursday,2015,4,November,44,52,0,52,0,0,0,52,0,522015-11-05,3,Leeds,Albion Street South,,Thursday,2015,4,November,44,70,0,70,0,0,0,70,0,702015-11-05,3,Leeds,Albion Street North,,Thursday,2015,4,November,44,13,0,13,0,0,0,13,0,132015-11-05,4,Leeds,Briggate,,Thursday,2015,4,November,44,72,0,72,0,0,0,72,0,722015-11-05,4,Leeds,"Briggate at McDonalds	",,Thursday,2015,4,November,44,41,0,41,0,0,0,41,0,412015-11-05,4,Leeds,Commercial Street at Sharps,,Thursday,2015,4,November,44,8,0,8,0,0,0,8,0,82015-11-05,4,Leeds,Commercial Street at Barratts,,Thursday,2015,4,November,44,0,0,0,0,0,0,0,0,02015-11-05,4,Leeds,Headrow,,Thursday,2015,4,November,44,20,0,20,0,0,0,20,0,202015-11-05,4,Leeds,"Dortmund Square	",,Thursday,2015,4,November,44,40,0,40,0,0,0,40,0,402015-11-05,4,Leeds,Albion Street South,,Thursday,2015,4,November,44,67,0,67,0,0,0,67,0,672015-11-05,4,Leeds,Albion Street North,,Thursday,2015,4,November,44,3,0,3,0,0,0,3,0,32015-11-05,5,Leeds,Briggate,,Thursday,2015,4,November,44,58,0,58,0,0,0,58,0,582015-11-05,5,Leeds,"Briggate at McDonalds	",,Thursday,2015,4,November,44,58,0,58,0,0,0,58,0,582015-11-05,5,Leeds,Commercial Street at Sharps,,Thursday,2015,4,November,44,11,0,11,0,0,0,11,0,112015-11-05,5,Leeds,Commercial Street at Barratts,,Thursday,2015,4,November,44,77,0,77,0,0,0,77,0,772015-11-05,5,Leeds,Headrow,,Thursday,2015,4,November,44,42,0,42,0,0,0,42,0,422015-11-05,5,Leeds,"Dortmund Square	",,Thursday,2015,4,November,44,36,0,36,0,0,0,36,0,362015-11-05,5,Leeds,Albion Street South,,Thursday,2015,4,November,44,119,0,119,0,0,0,119,0,1192015-11-05,5,Leeds,Albion Street North,,Thursday,2015,4,November,44,33,0,33,0,0,0,33,0,332015-11-05,6,Leeds,Briggate,,Thursday,2015,4,November,44,141,0,141,0,0,0,141,0,1412015-11-05,6,Leeds,"Briggate at McDonalds	",,Thursday,2015,4,November,44,123,0,123,0,0,0,123,0,1232015-11-05,6,Leeds,Commercial Street at Sharps,,Thursday,2015,4,November,44,30,0,30,0,0,0,30,0,302015-11-05,6,Leeds,Commercial Street at Barratts,,Thursday,2015,4,November,44,77,0,77,0,0,0,77,0,772015-11-05,6,Leeds,Headrow,,Thursday,2015,4,November,44,85,0,85,0,0,0,85,0,852015-11-05,6,Leeds,"Dortmund Square	",,Thursday,2015,4,November,44,118,0,118,0,0,0,118,0,1182015-11-05,6,Leeds,Albion Street South,,Thursday,2015,4,November,44,77,0,77,0,0,0,77,0,772015-11-05,6,Leeds,Albion Street North,,Thursday,2015,4,November,44,28,0,28,0,0,0,28,0,282015-11-05,7,Leeds,Briggate,,Thursday,2015,4,November,44,336,0,336,0,0,0,336,0,3362015-11-05,7,Leeds,"Briggate at McDonalds	",,Thursday,2015,4,November,44,301,0,301,0,0,0,301,0,3012015-11-05,7,Leeds,Commercial Street at Sharps,,Thursday,2015,4,November,44,126,0,126,0,0,0,126,0,1262015-11-05,7,Leeds,Commercial Street at Barratts,,Thursday,2015,4,November,44,217,0,217,0,0,0,217,0,2172015-11-05,7,Leeds,Headrow,,Thursday,2015,4,November,44,251,0,251,0,0,0,251,0,2512015-11-05,7,Leeds,"Dortmund Square	",,Thursday,2015,4,November,44,444,0,444,0,0,0,444,0,4442015-11-05,7,Leeds,Albion Street South,,Thursday,2015,4,November,44,404,0,404,0,0,0,404,0,4042015-11-05,7,Leeds,Albion Street North,,Thursday,2015,4,November,44,217,0,217,0,0,0,217,0,2172015-11-05,8,Leeds,Briggate,,Thursday,2015,4,November,44,1044,0,1044,0,0,0,1044,0,10442015-11-05,8,Leeds,"Briggate at McDonalds	",,Thursday,2015,4,November,44,561,0,561,0,0,0,561,0,5612015-11-05,8,Leeds,Commercial Street at Sharps,,Thursday,2015,4,November,44,391,0,391,0,0,0,391,0,3912015-11-05,8,Leeds,Commercial Street at Barratts,,Thursday,2015,4,November,44,568,0,568,0,0,0,568,0,5682015-11-05,8,Leeds,Headrow,,Thursday,2015,4,November,44,594,0,594,0,0,0,594,0,5942015-11-05,8,Leeds,"Dortmund Square	",,Thursday,2015,4,November,44,1215,0,1215,0,0,0,1215,0,12152015-11-05,8,Leeds,Albion Street South,,Thursday,2015,4,November,44,839,0,839,0,0,0,839,0,8392015-11-05,8,Leeds,Albion Street North,,Thursday,2015,4,November,44,723,0,723,0,0,0,723,0,7232015-11-05,9,Leeds,Briggate,,Thursday,2015,4,November,44,1197,0,1197,0,0,0,1197,0,11972015-11-05,9,Leeds,"Briggate at McDonalds	",,Thursday,2015,4,November,44,634,0,634,0,0,0,634,0,6342015-11-05,9,Leeds,Commercial Street at Sharps,,Thursday,2015,4,November,44,451,0,451,0,0,0,451,0,4512015-11-05,9,Leeds,Commercial Street at Barratts,,Thursday,2015,4,November,44,586,0,586,0,0,0,586,0,5862015-11-05,9,Leeds,Headrow,,Thursday,2015,4,November,44,791,0,791,0,0,0,791,0,7912015-11-05,9,Leeds,"Dortmund Square	",,Thursday,2015,4,November,44,997,0,997,0,0,0,997,0,9972015-11-05,9,Leeds,Albion Street South,,Thursday,2015,4,November,44,938,0,938,0,0,0,938,0,9382015-11-05,9,Leeds,Albion Street North,,Thursday,2015,4,November,44,617,0,617,0,0,0,617,0,6172015-11-05,10,Leeds,Briggate,,Thursday,2015,4,November,44,1565,0,1565,0,0,0,1565,0,15652015-11-05,10,Leeds,"Briggate at McDonalds	",,Thursday,2015,4,November,44,838,0,838,0,0,0,838,0,8382015-11-05,10,Leeds,Commercial Street at Sharps,,Thursday,2015,4,November,44,754,0,754,0,0,0,754,0,7542015-11-05,10,Leeds,Commercial Street at Barratts,,Thursday,2015,4,November,44,898,0,898,0,0,0,898,0,8982015-11-05,10,Leeds,Headrow,,Thursday,2015,4,November,44,1162,0,1162,0,0,0,1162,0,11622015-11-05,10,Leeds,"Dortmund Square	",,Thursday,2015,4,November,44,1114,0,1114,0,0,0,1114,0,11142015-11-05,10,Leeds,Albion Street South,,Thursday,2015,4,November,44,1122,0,1122,0,0,0,1122,0,11222015-11-05,10,Leeds,Albion Street North,,Thursday,2015,4,November,44,764,0,764,0,0,0,764,0,7642015-11-05,11,Leeds,Briggate,,Thursday,2015,4,November,44,2445,0,2445,0,0,0,2445,0,24452015-11-05,11,Leeds,"Briggate at McDonalds	",,Thursday,2015,4,November,44,1119,0,1119,0,0,0,1119,0,11192015-11-05,11,Leeds,Commercial Street at Sharps,,Thursday,2015,4,November,44,1183,0,1183,0,0,0,1183,0,11832015-11-05,11,Leeds,Commercial Street at Barratts,,Thursday,2015,4,November,44,1259,0,1259,0,0,0,1259,0,12592015-11-05,11,Leeds,Headrow,,Thursday,2015,4,November,44,1634,0,1634,0,0,0,1634,0,16342015-11-05,11,Leeds,"Dortmund Square	",,Thursday,2015,4,November,44,1632,0,1632,0,0,0,1632,0,16322015-11-05,11,Leeds,Albion Street South,,Thursday,2015,4,November,44,1713,0,1713,0,0,0,1713,0,17132015-11-05,11,Leeds,Albion Street North,,Thursday,2015,4,November,44,1089,0,1089,0,0,0,1089,0,10892015-11-05,12,Leeds,Briggate,,Thursday,2015,4,November,44,4067,0,4067,0,0,0,4067,0,40672015-11-05,12,Leeds,"Briggate at McDonalds	",,Thursday,2015,4,November,44,1736,0,1736,0,0,0,1736,0,17362015-11-05,12,Leeds,Commercial Street at Sharps,,Thursday,2015,4,November,44,2088,0,2088,0,0,0,2088,0,20882015-11-05,12,Leeds,Commercial Street at Barratts,,Thursday,2015,4,November,44,2171,0,2171,0,0,0,2171,0,21712015-11-05,12,Leeds,Headrow,,Thursday,2015,4,November,44,2470,0,2470,0,0,0,2470,0,24702015-11-05,12,Leeds,"Dortmund Square	",,Thursday,2015,4,November,44,2544,0,2544,0,0,0,2544,0,25442015-11-05,12,Leeds,Albion Street South,,Thursday,2015,4,November,44,2644,0,2644,0,0,0,2644,0,26442015-11-05,12,Leeds,Albion Street North,,Thursday,2015,4,November,44,1887,0,1887,0,0,0,1887,0,18872015-11-05,13,Leeds,Briggate,,Thursday,2015,4,November,44,4172,0,4172,0,0,0,4172,0,41722015-11-05,13,Leeds,"Briggate at McDonalds	",,Thursday,2015,4,November,44,1643,0,1643,0,0,0,1643,0,16432015-11-05,13,Leeds,Commercial Street at Sharps,,Thursday,2015,4,November,44,1997,0,1997,0,0,0,1997,0,19972015-11-05,13,Leeds,Commercial Street at Barratts,,Thursday,2015,4,November,44,2158,0,2158,0,0,0,2158,0,21582015-11-05,13,Leeds,Headrow,,Thursday,2015,4,November,44,2392,0,2392,0,0,0,2392,0,23922015-11-05,13,Leeds,"Dortmund Square	",,Thursday,2015,4,November,44,2434,0,2434,0,0,0,2434,0,24342015-11-05,13,Leeds,Albion Street South,,Thursday,2015,4,November,44,3040,0,3040,0,0,0,3040,0,30402015-11-05,13,Leeds,Albion Street North,,Thursday,2015,4,November,44,2168,0,2168,0,0,0,2168,0,21682015-11-05,14,Leeds,Briggate,,Thursday,2015,4,November,44,3076,0,3076,0,0,0,3076,0,30762015-11-05,14,Leeds,"Briggate at McDonalds	",,Thursday,2015,4,November,44,1363,0,1363,0,0,0,1363,0,13632015-11-05,14,Leeds,Commercial Street at Sharps,,Thursday,2015,4,November,44,1576,0,1576,0,0,0,1576,0,15762015-11-05,14,Leeds,Commercial Street at Barratts,,Thursday,2015,4,November,44,1570,0,1570,0,0,0,1570,0,15702015-11-05,14,Leeds,Headrow,,Thursday,2015,4,November,44,1280,0,1280,0,0,0,1280,0,12802015-11-05,14,Leeds,"Dortmund Square	",,Thursday,2015,4,November,44,1802,0,1802,0,0,0,1802,0,18022015-11-05,14,Leeds,Albion Street South,,Thursday,2015,4,November,44,2085,0,2085,0,0,0,2085,0,20852015-11-05,14,Leeds,Albion Street North,,Thursday,2015,4,November,44,1401,0,1401,0,0,0,1401,0,14012015-11-05,15,Leeds,Briggate,,Thursday,2015,4,November,44,2486,0,2486,0,0,0,2486,0,24862015-11-05,15,Leeds,"Briggate at McDonalds	",,Thursday,2015,4,November,44,1345,0,1345,0,0,0,1345,0,13452015-11-05,15,Leeds,Commercial Street at Sharps,,Thursday,2015,4,November,44,1411,0,1411,0,0,0,1411,0,14112015-11-05,15,Leeds,Commercial Street at Barratts,,Thursday,2015,4,November,44,1484,0,1484,0,0,0,1484,0,14842015-11-05,15,Leeds,Headrow,,Thursday,2015,4,November,44,671,0,671,0,0,0,671,0,6712015-11-05,15,Leeds,"Dortmund Square	",,Thursday,2015,4,November,44,1818,0,1818,0,0,0,1818,0,18182015-11-05,15,Leeds,Albion Street South,,Thursday,2015,4,November,44,1828,0,1828,0,0,0,1828,0,18282015-11-05,15,Leeds,Albion Street North,,Thursday,2015,4,November,44,1198,0,1198,0,0,0,1198,0,11982015-11-05,16,Leeds,Briggate,,Thursday,2015,4,November,44,1559,0,1559,0,0,0,1559,0,15592015-11-05,16,Leeds,"Briggate at McDonalds	",,Thursday,2015,4,November,44,1276,0,1276,0,0,0,1276,0,12762015-11-05,16,Leeds,Commercial Street at Sharps,,Thursday,2015,4,November,44,1394,0,1394,0,0,0,1394,0,13942015-11-05,16,Leeds,Commercial Street at Barratts,,Thursday,2015,4,November,44,1562,0,1562,0,0,0,1562,0,15622015-11-05,16,Leeds,Headrow,,Thursday,2015,4,November,44,480,0,480,0,0,0,480,0,4802015-11-05,16,Leeds,"Dortmund Square	",,Thursday,2015,4,November,44,1992,0,1992,0,0,0,1992,0,19922015-11-05,16,Leeds,Albion Street South,,Thursday,2015,4,November,44,1738,0,1738,0,0,0,1738,0,17382015-11-05,16,Leeds,Albion Street North,,Thursday,2015,4,November,44,1074,0,1074,0,0,0,1074,0,10742015-11-05,17,Leeds,Briggate,,Thursday,2015,4,November,44,1190,0,1190,0,0,0,1190,0,11902015-11-05,17,Leeds,"Briggate at McDonalds	",,Thursday,2015,4,November,44,1109,0,1109,0,0,0,1109,0,11092015-11-05,17,Leeds,Commercial Street at Sharps,,Thursday,2015,4,November,44,1235,0,1235,0,0,0,1235,0,12352015-11-05,17,Leeds,Commercial Street at Barratts,,Thursday,2015,4,November,44,1221,0,1221,0,0,0,1221,0,12212015-11-05,17,Leeds,Headrow,,Thursday,2015,4,November,44,621,0,621,0,0,0,621,0,6212015-11-05,17,Leeds,"Dortmund Square	",,Thursday,2015,4,November,44,2014,0,2014,0,0,0,2014,0,20142015-11-05,17,Leeds,Albion Street South,,Thursday,2015,4,November,44,1925,0,1925,0,0,0,1925,0,19252015-11-05,17,Leeds,Albion Street North,,Thursday,2015,4,November,44,1097,0,1097,0,0,0,1097,0,10972015-11-05,18,Leeds,Briggate,,Thursday,2015,4,November,44,882,0,882,0,0,0,882,0,8822015-11-05,18,Leeds,"Briggate at McDonalds	",,Thursday,2015,4,November,44,855,0,855,0,0,0,855,0,8552015-11-05,18,Leeds,Commercial Street at Sharps,,Thursday,2015,4,November,44,736,0,736,0,0,0,736,0,7362015-11-05,18,Leeds,Commercial Street at Barratts,,Thursday,2015,4,November,44,751,0,751,0,0,0,751,0,7512015-11-05,18,Leeds,Headrow,,Thursday,2015,4,November,44,709,0,709,0,0,0,709,0,7092015-11-05,18,Leeds,"Dortmund Square	",,Thursday,2015,4,November,44,1427,0,1427,0,0,0,1427,0,14272015-11-05,18,Leeds,Albion Street South,,Thursday,2015,4,November,44,1281,0,1281,0,0,0,1281,0,12812015-11-05,18,Leeds,Albion Street North,,Thursday,2015,4,November,44,598,0,598,0,0,0,598,0,5982015-11-05,19,Leeds,Briggate,,Thursday,2015,4,November,44,478,0,478,0,0,0,478,0,4782015-11-05,19,Leeds,"Briggate at McDonalds	",,Thursday,2015,4,November,44,517,0,517,0,0,0,517,0,5172015-11-05,19,Leeds,Commercial Street at Sharps,,Thursday,2015,4,November,44,356,0,356,0,0,0,356,0,3562015-11-05,19,Leeds,Commercial Street at Barratts,,Thursday,2015,4,November,44,329,0,329,0,0,0,329,0,3292015-11-05,19,Leeds,Headrow,,Thursday,2015,4,November,44,380,0,380,0,0,0,380,0,3802015-11-05,19,Leeds,"Dortmund Square	",,Thursday,2015,4,November,44,788,0,788,0,0,0,788,0,7882015-11-05,19,Leeds,Albion Street South,,Thursday,2015,4,November,44,546,0,546,0,0,0,546,0,5462015-11-05,19,Leeds,Albion Street North,,Thursday,2015,4,November,44,238,0,238,0,0,0,238,0,2382015-11-05,20,Leeds,Briggate,,Thursday,2015,4,November,44,213,0,213,0,0,0,213,0,2132015-11-05,20,Leeds,"Briggate at McDonalds	",,Thursday,2015,4,November,44,372,0,372,0,0,0,372,0,3722015-11-05,20,Leeds,Commercial Street at Sharps,,Thursday,2015,4,November,44,194,0,194,0,0,0,194,0,1942015-11-05,20,Leeds,Commercial Street at Barratts,,Thursday,2015,4,November,44,214,0,214,0,0,0,214,0,2142015-11-05,20,Leeds,Headrow,,Thursday,2015,4,November,44,223,0,223,0,0,0,223,0,2232015-11-05,20,Leeds,"Dortmund Square	",,Thursday,2015,4,November,44,554,0,554,0,0,0,554,0,5542015-11-05,20,Leeds,Albion Street South,,Thursday,2015,4,November,44,313,0,313,0,0,0,313,0,3132015-11-05,20,Leeds,Albion Street North,,Thursday,2015,4,November,44,135,0,135,0,0,0,135,0,1352015-11-05,21,Leeds,Briggate,,Thursday,2015,4,November,44,209,0,209,0,0,0,209,0,2092015-11-05,21,Leeds,"Briggate at McDonalds	",,Thursday,2015,4,November,44,340,0,340,0,0,0,340,0,3402015-11-05,21,Leeds,Commercial Street at Sharps,,Thursday,2015,4,November,44,106,0,106,0,0,0,106,0,1062015-11-05,21,Leeds,Commercial Street at Barratts,,Thursday,2015,4,November,44,132,0,132,0,0,0,132,0,1322015-11-05,21,Leeds,Headrow,,Thursday,2015,4,November,44,250,0,250,0,0,0,250,0,2502015-11-05,21,Leeds,"Dortmund Square	",,Thursday,2015,4,November,44,412,0,412,0,0,0,412,0,4122015-11-05,21,Leeds,Albion Street South,,Thursday,2015,4,November,44,252,0,252,0,0,0,252,0,2522015-11-05,21,Leeds,Albion Street North,,Thursday,2015,4,November,44,133,0,133,0,0,0,133,0,1332015-11-05,22,Leeds,Briggate,,Thursday,2015,4,November,44,180,0,180,0,0,0,180,0,1802015-11-05,22,Leeds,"Briggate at McDonalds	",,Thursday,2015,4,November,44,279,0,279,0,0,0,279,0,2792015-11-05,22,Leeds,Commercial Street at Sharps,,Thursday,2015,4,November,44,91,0,91,0,0,0,91,0,912015-11-05,22,Leeds,Commercial Street at Barratts,,Thursday,2015,4,November,44,117,0,117,0,0,0,117,0,1172015-11-05,22,Leeds,Headrow,,Thursday,2015,4,November,44,180,0,180,0,0,0,180,0,1802015-11-05,22,Leeds,"Dortmund Square	",,Thursday,2015,4,November,44,304,0,304,0,0,0,304,0,3042015-11-05,22,Leeds,Albion Street South,,Thursday,2015,4,November,44,138,0,138,0,0,0,138,0,1382015-11-05,22,Leeds,Albion Street North,,Thursday,2015,4,November,44,102,0,102,0,0,0,102,0,1022015-11-05,23,Leeds,Briggate,,Thursday,2015,4,November,44,170,0,170,0,0,0,170,0,1702015-11-05,23,Leeds,"Briggate at McDonalds	",,Thursday,2015,4,November,44,168,0,168,0,0,0,168,0,1682015-11-05,23,Leeds,Commercial Street at Sharps,,Thursday,2015,4,November,44,85,0,85,0,0,0,85,0,852015-11-05,23,Leeds,Commercial Street at Barratts,,Thursday,2015,4,November,44,67,0,67,0,0,0,67,0,672015-11-05,23,Leeds,Headrow,,Thursday,2015,4,November,44,154,0,154,0,0,0,154,0,1542015-11-05,23,Leeds,"Dortmund Square	",,Thursday,2015,4,November,44,133,0,133,0,0,0,133,0,1332015-11-05,23,Leeds,Albion Street South,,Thursday,2015,4,November,44,78,0,78,0,0,0,78,0,782015-11-05,23,Leeds,Albion Street North,,Thursday,2015,4,November,44,87,0,87,0,0,0,87,0,872015-11-06,0,Leeds,Briggate,,Friday,2015,4,November,44,132,0,132,0,0,0,132,0,1322015-11-06,0,Leeds,"Briggate at McDonalds	",,Friday,2015,4,November,44,112,0,112,0,0,0,112,0,1122015-11-06,0,Leeds,Commercial Street at Sharps,,Friday,2015,4,November,44,67,0,67,0,0,0,67,0,672015-11-06,0,Leeds,Commercial Street at Barratts,,Friday,2015,4,November,44,44,0,44,0,0,0,44,0,442015-11-06,0,Leeds,Headrow,,Friday,2015,4,November,44,96,0,96,0,0,0,96,0,962015-11-06,0,Leeds,"Dortmund Square	",,Friday,2015,4,November,44,82,0,82,0,0,0,82,0,822015-11-06,0,Leeds,Albion Street South,,Friday,2015,4,November,44,109,0,109,0,0,0,109,0,1092015-11-06,0,Leeds,Albion Street North,,Friday,2015,4,November,44,31,0,31,0,0,0,31,0,312015-11-06,1,Leeds,Briggate,,Friday,2015,4,November,44,162,0,162,0,0,0,162,0,1622015-11-06,1,Leeds,"Briggate at McDonalds	",,Friday,2015,4,November,44,89,0,89,0,0,0,89,0,892015-11-06,1,Leeds,Commercial Street at Sharps,,Friday,2015,4,November,44,24,0,24,0,0,0,24,0,242015-11-06,1,Leeds,Commercial Street at Barratts,,Friday,2015,4,November,44,25,0,25,0,0,0,25,0,252015-11-06,1,Leeds,Headrow,,Friday,2015,4,November,44,48,0,48,0,0,0,48,0,482015-11-06,1,Leeds,"Dortmund Square	",,Friday,2015,4,November,44,69,0,69,0,0,0,69,0,692015-11-06,1,Leeds,Albion Street South,,Friday,2015,4,November,44,49,0,49,0,0,0,49,0,492015-11-06,1,Leeds,Albion Street North,,Friday,2015,4,November,44,14,0,14,0,0,0,14,0,142015-11-06,2,Leeds,Briggate,,Friday,2015,4,November,44,187,0,187,0,0,0,187,0,1872015-11-06,2,Leeds,"Briggate at McDonalds	",,Friday,2015,4,November,44,87,0,87,0,0,0,87,0,872015-11-06,2,Leeds,Commercial Street at Sharps,,Friday,2015,4,November,44,42,0,42,0,0,0,42,0,422015-11-06,2,Leeds,Commercial Street at Barratts,,Friday,2015,4,November,44,0,0,0,0,0,0,0,0,02015-11-06,2,Leeds,Headrow,,Friday,2015,4,November,44,32,0,32,0,0,0,32,0,322015-11-06,2,Leeds,"Dortmund Square	",,Friday,2015,4,November,44,87,0,87,0,0,0,87,0,872015-11-06,2,Leeds,Albion Street South,,Friday,2015,4,November,44,50,0,50,0,0,0,50,0,502015-11-06,2,Leeds,Albion Street North,,Friday,2015,4,November,44,20,0,20,0,0,0,20,0,202015-11-06,3,Leeds,Briggate,,Friday,2015,4,November,44,200,0,200,0,0,0,200,0,2002015-11-06,3,Leeds,"Briggate at McDonalds	",,Friday,2015,4,November,44,109,0,109,0,0,0,109,0,1092015-11-06,3,Leeds,Commercial Street at Sharps,,Friday,2015,4,November,44,69,0,69,0,0,0,69,0,692015-11-06,3,Leeds,Commercial Street at Barratts,,Friday,2015,4,November,44,31,0,31,0,0,0,31,0,312015-11-06,3,Leeds,Headrow,,Friday,2015,4,November,44,46,0,46,0,0,0,46,0,462015-11-06,3,Leeds,"Dortmund Square	",,Friday,2015,4,November,44,92,0,92,0,0,0,92,0,922015-11-06,3,Leeds,Albion Street South,,Friday,2015,4,November,44,63,0,63,0,0,0,63,0,632015-11-06,3,Leeds,Albion Street North,,Friday,2015,4,November,44,21,0,21,0,0,0,21,0,212015-11-06,4,Leeds,Briggate,,Friday,2015,4,November,44,124,0,124,0,0,0,124,0,1242015-11-06,4,Leeds,"Briggate at McDonalds	",,Friday,2015,4,November,44,63,0,63,0,0,0,63,0,632015-11-06,4,Leeds,Commercial Street at Sharps,,Friday,2015,4,November,44,37,0,37,0,0,0,37,0,372015-11-06,4,Leeds,Commercial Street at Barratts,,Friday,2015,4,November,44,18,0,18,0,0,0,18,0,182015-11-06,4,Leeds,Headrow,,Friday,2015,4,November,44,29,0,29,0,0,0,29,0,292015-11-06,4,Leeds,"Dortmund Square	",,Friday,2015,4,November,44,43,0,43,0,0,0,43,0,432015-11-06,4,Leeds,Albion Street South,,Friday,2015,4,November,44,56,0,56,0,0,0,56,0,562015-11-06,4,Leeds,Albion Street North,,Friday,2015,4,November,44,12,0,12,0,0,0,12,0,122015-11-06,5,Leeds,Briggate,,Friday,2015,4,November,44,72,0,72,0,0,0,72,0,722015-11-06,5,Leeds,"Briggate at McDonalds	",,Friday,2015,4,November,44,59,0,59,0,0,0,59,0,592015-11-06,5,Leeds,Commercial Street at Sharps,,Friday,2015,4,November,44,59,0,59,0,0,0,59,0,592015-11-06,5,Leeds,Commercial Street at Barratts,,Friday,2015,4,November,44,23,0,23,0,0,0,23,0,232015-11-06,5,Leeds,Headrow,,Friday,2015,4,November,44,39,0,39,0,0,0,39,0,392015-11-06,5,Leeds,"Dortmund Square	",,Friday,2015,4,November,44,50,0,50,0,0,0,50,0,502015-11-06,5,Leeds,Albion Street South,,Friday,2015,4,November,44,95,0,95,0,0,0,95,0,952015-11-06,5,Leeds,Albion Street North,,Friday,2015,4,November,44,20,0,20,0,0,0,20,0,202015-11-06,6,Leeds,Briggate,,Friday,2015,4,November,44,179,0,179,0,0,0,179,0,1792015-11-06,6,Leeds,"Briggate at McDonalds	",,Friday,2015,4,November,44,122,0,122,0,0,0,122,0,1222015-11-06,6,Leeds,Commercial Street at Sharps,,Friday,2015,4,November,44,123,0,123,0,0,0,123,0,1232015-11-06,6,Leeds,Commercial Street at Barratts,,Friday,2015,4,November,44,51,0,51,0,0,0,51,0,512015-11-06,6,Leeds,Headrow,,Friday,2015,4,November,44,102,0,102,0,0,0,102,0,1022015-11-06,6,Leeds,"Dortmund Square	",,Friday,2015,4,November,44,123,0,123,0,0,0,123,0,1232015-11-06,6,Leeds,Albion Street South,,Friday,2015,4,November,44,63,0,63,0,0,0,63,0,632015-11-06,6,Leeds,Albion Street North,,Friday,2015,4,November,44,36,0,36,0,0,0,36,0,362015-11-06,7,Leeds,Briggate,,Friday,2015,4,November,44,462,0,462,0,0,0,462,0,4622015-11-06,7,Leeds,"Briggate at McDonalds	",,Friday,2015,4,November,44,319,0,319,0,0,0,319,0,3192015-11-06,7,Leeds,Commercial Street at Sharps,,Friday,2015,4,November,44,387,0,387,0,0,0,387,0,3872015-11-06,7,Leeds,Commercial Street at Barratts,,Friday,2015,4,November,44,202,0,202,0,0,0,202,0,2022015-11-06,7,Leeds,Headrow,,Friday,2015,4,November,44,233,0,233,0,0,0,233,0,2332015-11-06,7,Leeds,"Dortmund Square	",,Friday,2015,4,November,44,420,0,420,0,0,0,420,0,4202015-11-06,7,Leeds,Albion Street South,,Friday,2015,4,November,44,297,0,297,0,0,0,297,0,2972015-11-06,7,Leeds,Albion Street North,,Friday,2015,4,November,44,203,0,203,0,0,0,203,0,2032015-11-06,8,Leeds,Briggate,,Friday,2015,4,November,44,997,0,997,0,0,0,997,0,9972015-11-06,8,Leeds,"Briggate at McDonalds	",,Friday,2015,4,November,44,639,0,639,0,0,0,639,0,6392015-11-06,8,Leeds,Commercial Street at Sharps,,Friday,2015,4,November,44,546,0,546,0,0,0,546,0,5462015-11-06,8,Leeds,Commercial Street at Barratts,,Friday,2015,4,November,44,553,0,553,0,0,0,553,0,5532015-11-06,8,Leeds,Headrow,,Friday,2015,4,November,44,609,0,609,0,0,0,609,0,6092015-11-06,8,Leeds,"Dortmund Square	",,Friday,2015,4,November,44,1088,0,1088,0,0,0,1088,0,10882015-11-06,8,Leeds,Albion Street South,,Friday,2015,4,November,44,918,0,918,0,0,0,918,0,9182015-11-06,8,Leeds,Albion Street North,,Friday,2015,4,November,44,758,0,758,0,0,0,758,0,7582015-11-06,9,Leeds,Briggate,,Friday,2015,4,November,44,1122,0,1122,0,0,0,1122,0,11222015-11-06,9,Leeds,"Briggate at McDonalds	",,Friday,2015,4,November,44,722,0,722,0,0,0,722,0,7222015-11-06,9,Leeds,Commercial Street at Sharps,,Friday,2015,4,November,44,1148,0,1148,0,0,0,1148,0,11482015-11-06,9,Leeds,Commercial Street at Barratts,,Friday,2015,4,November,44,770,0,770,0,0,0,770,0,7702015-11-06,9,Leeds,Headrow,,Friday,2015,4,November,44,839,0,839,0,0,0,839,0,8392015-11-06,9,Leeds,"Dortmund Square	",,Friday,2015,4,November,44,957,0,957,0,0,0,957,0,9572015-11-06,9,Leeds,Albion Street South,,Friday,2015,4,November,44,789,0,789,0,0,0,789,0,7892015-11-06,9,Leeds,Albion Street North,,Friday,2015,4,November,44,643,0,643,0,0,0,643,0,6432015-11-06,10,Leeds,Briggate,,Friday,2015,4,November,44,1689,0,1689,0,0,0,1689,0,16892015-11-06,10,Leeds,"Briggate at McDonalds	",,Friday,2015,4,November,44,831,0,831,0,0,0,831,0,8312015-11-06,10,Leeds,Commercial Street at Sharps,,Friday,2015,4,November,44,1769,0,1769,0,0,0,1769,0,17692015-11-06,10,Leeds,Commercial Street at Barratts,,Friday,2015,4,November,44,1062,0,1062,0,0,0,1062,0,10622015-11-06,10,Leeds,Headrow,,Friday,2015,4,November,44,1339,0,1339,0,0,0,1339,0,13392015-11-06,10,Leeds,"Dortmund Square	",,Friday,2015,4,November,44,1267,0,1267,0,0,0,1267,0,12672015-11-06,10,Leeds,Albion Street South,,Friday,2015,4,November,44,1166,0,1166,0,0,0,1166,0,11662015-11-06,10,Leeds,Albion Street North,,Friday,2015,4,November,44,865,0,865,0,0,0,865,0,8652015-11-06,11,Leeds,Briggate,,Friday,2015,4,November,44,2544,0,2544,0,0,0,2544,0,25442015-11-06,11,Leeds,"Briggate at McDonalds	",,Friday,2015,4,November,44,1140,0,1140,0,0,0,1140,0,11402015-11-06,11,Leeds,Commercial Street at Sharps,,Friday,2015,4,November,44,2353,0,2353,0,0,0,2353,0,23532015-11-06,11,Leeds,Commercial Street at Barratts,,Friday,2015,4,November,44,1510,0,1510,0,0,0,1510,0,15102015-11-06,11,Leeds,Headrow,,Friday,2015,4,November,44,1746,0,1746,0,0,0,1746,0,17462015-11-06,11,Leeds,"Dortmund Square	",,Friday,2015,4,November,44,1666,0,1666,0,0,0,1666,0,16662015-11-06,11,Leeds,Albion Street South,,Friday,2015,4,November,44,1806,0,1806,0,0,0,1806,0,18062015-11-06,11,Leeds,Albion Street North,,Friday,2015,4,November,44,1318,0,1318,0,0,0,1318,0,13182015-11-06,12,Leeds,Briggate,,Friday,2015,4,November,44,4125,0,4125,0,0,0,4125,0,41252015-11-06,12,Leeds,"Briggate at McDonalds	",,Friday,2015,4,November,44,1611,0,1611,0,0,0,1611,0,16112015-11-06,12,Leeds,Commercial Street at Sharps,,Friday,2015,4,November,44,3983,0,3983,0,0,0,3983,0,39832015-11-06,12,Leeds,Commercial Street at Barratts,,Friday,2015,4,November,44,2498,0,2498,0,0,0,2498,0,24982015-11-06,12,Leeds,Headrow,,Friday,2015,4,November,44,2518,0,2518,0,0,0,2518,0,25182015-11-06,12,Leeds,"Dortmund Square	",,Friday,2015,4,November,44,2433,0,2433,0,0,0,2433,0,24332015-11-06,12,Leeds,Albion Street South,,Friday,2015,4,November,44,3536,0,3536,0,0,0,3536,0,35362015-11-06,12,Leeds,Albion Street North,,Friday,2015,4,November,44,2186,0,2186,0,0,0,2186,0,21862015-11-06,13,Leeds,Briggate,,Friday,2015,4,November,44,2926,0,2926,0,0,0,2926,0,29262015-11-06,13,Leeds,"Briggate at McDonalds	",,Friday,2015,4,November,44,1747,0,1747,0,0,0,1747,0,17472015-11-06,13,Leeds,Commercial Street at Sharps,,Friday,2015,4,November,44,3402,0,3402,0,0,0,3402,0,34022015-11-06,13,Leeds,Commercial Street at Barratts,,Friday,2015,4,November,44,2368,0,2368,0,0,0,2368,0,23682015-11-06,13,Leeds,Headrow,,Friday,2015,4,November,44,2396,0,2396,0,0,0,2396,0,23962015-11-06,13,Leeds,"Dortmund Square	",,Friday,2015,4,November,44,2451,0,2451,0,0,0,2451,0,24512015-11-06,13,Leeds,Albion Street South,,Friday,2015,4,November,44,3742,0,3742,0,0,0,3742,0,37422015-11-06,13,Leeds,Albion Street North,,Friday,2015,4,November,44,2255,0,2255,0,0,0,2255,0,22552015-11-06,14,Leeds,Briggate,,Friday,2015,4,November,44,2442,0,2442,0,0,0,2442,0,24422015-11-06,14,Leeds,"Briggate at McDonalds	",,Friday,2015,4,November,44,1524,0,1524,0,0,0,1524,0,15242015-11-06,14,Leeds,Commercial Street at Sharps,,Friday,2015,4,November,44,2972,0,2972,0,0,0,2972,0,29722015-11-06,14,Leeds,Commercial Street at Barratts,,Friday,2015,4,November,44,2079,0,2079,0,0,0,2079,0,20792015-11-06,14,Leeds,Headrow,,Friday,2015,4,November,44,2142,0,2142,0,0,0,2142,0,21422015-11-06,14,Leeds,"Dortmund Square	",,Friday,2015,4,November,44,2039,0,2039,0,0,0,2039,0,20392015-11-06,14,Leeds,Albion Street South,,Friday,2015,4,November,44,3553,0,3553,0,0,0,3553,0,35532015-11-06,14,Leeds,Albion Street North,,Friday,2015,4,November,44,2001,0,2001,0,0,0,2001,0,20012015-11-06,15,Leeds,Briggate,,Friday,2015,4,November,44,2134,0,2134,0,0,0,2134,0,21342015-11-06,15,Leeds,"Briggate at McDonalds	",,Friday,2015,4,November,44,1557,0,1557,0,0,0,1557,0,15572015-11-06,15,Leeds,Commercial Street at Sharps,,Friday,2015,4,November,44,2728,0,2728,0,0,0,2728,0,27282015-11-06,15,Leeds,Commercial Street at Barratts,,Friday,2015,4,November,44,1863,0,1863,0,0,0,1863,0,18632015-11-06,15,Leeds,Headrow,,Friday,2015,4,November,44,2037,0,2037,0,0,0,2037,0,20372015-11-06,15,Leeds,"Dortmund Square	",,Friday,2015,4,November,44,2152,0,2152,0,0,0,2152,0,21522015-11-06,15,Leeds,Albion Street South,,Friday,2015,4,November,44,3659,0,3659,0,0,0,3659,0,36592015-11-06,15,Leeds,Albion Street North,,Friday,2015,4,November,44,2018,0,2018,0,0,0,2018,0,20182015-11-06,16,Leeds,Briggate,,Friday,2015,4,November,44,2322,0,2322,0,0,0,2322,0,23222015-11-06,16,Leeds,"Briggate at McDonalds	",,Friday,2015,4,November,44,1623,0,1623,0,0,0,1623,0,16232015-11-06,16,Leeds,Commercial Street at Sharps,,Friday,2015,4,November,44,2701,0,2701,0,0,0,2701,0,27012015-11-06,16,Leeds,Commercial Street at Barratts,,Friday,2015,4,November,44,1833,0,1833,0,0,0,1833,0,18332015-11-06,16,Leeds,Headrow,,Friday,2015,4,November,44,2011,0,2011,0,0,0,2011,0,20112015-11-06,16,Leeds,"Dortmund Square	",,Friday,2015,4,November,44,2390,0,2390,0,0,0,2390,0,23902015-11-06,16,Leeds,Albion Street South,,Friday,2015,4,November,44,3603,0,3603,0,0,0,3603,0,36032015-11-06,16,Leeds,Albion Street North,,Friday,2015,4,November,44,2011,0,2011,0,0,0,2011,0,20112015-11-06,17,Leeds,Briggate,,Friday,2015,4,November,44,1411,0,1411,0,0,0,1411,0,14112015-11-06,17,Leeds,"Briggate at McDonalds	",,Friday,2015,4,November,44,1478,0,1478,0,0,0,1478,0,14782015-11-06,17,Leeds,Commercial Street at Sharps,,Friday,2015,4,November,44,2215,0,2215,0,0,0,2215,0,22152015-11-06,17,Leeds,Commercial Street at Barratts,,Friday,2015,4,November,44,1568,0,1568,0,0,0,1568,0,15682015-11-06,17,Leeds,Headrow,,Friday,2015,4,November,44,1713,0,1713,0,0,0,1713,0,17132015-11-06,17,Leeds,"Dortmund Square	",,Friday,2015,4,November,44,2096,0,2096,0,0,0,2096,0,20962015-11-06,17,Leeds,Albion Street South,,Friday,2015,4,November,44,3251,0,3251,0,0,0,3251,0,32512015-11-06,17,Leeds,Albion Street North,,Friday,2015,4,November,44,1634,0,1634,0,0,0,1634,0,16342015-11-06,18,Leeds,Briggate,,Friday,2015,4,November,44,1152,0,1152,0,0,0,1152,0,11522015-11-06,18,Leeds,"Briggate at McDonalds	",,Friday,2015,4,November,44,1060,0,1060,0,0,0,1060,0,10602015-11-06,18,Leeds,Commercial Street at Sharps,,Friday,2015,4,November,44,1235,0,1235,0,0,0,1235,0,12352015-11-06,18,Leeds,Commercial Street at Barratts,,Friday,2015,4,November,44,738,0,738,0,0,0,738,0,7382015-11-06,18,Leeds,Headrow,,Friday,2015,4,November,44,1095,0,1095,0,0,0,1095,0,10952015-11-06,18,Leeds,"Dortmund Square	",,Friday,2015,4,November,44,1543,0,1543,0,0,0,1543,0,15432015-11-06,18,Leeds,Albion Street South,,Friday,2015,4,November,44,1457,0,1457,0,0,0,1457,0,14572015-11-06,18,Leeds,Albion Street North,,Friday,2015,4,November,44,575,0,575,0,0,0,575,0,5752015-11-06,19,Leeds,Briggate,,Friday,2015,4,November,44,665,0,665,0,0,0,665,0,6652015-11-06,19,Leeds,"Briggate at McDonalds	",,Friday,2015,4,November,44,795,0,795,0,0,0,795,0,7952015-11-06,19,Leeds,Commercial Street at Sharps,,Friday,2015,4,November,44,632,0,632,0,0,0,632,0,6322015-11-06,19,Leeds,Commercial Street at Barratts,,Friday,2015,4,November,44,378,0,378,0,0,0,378,0,3782015-11-06,19,Leeds,Headrow,,Friday,2015,4,November,44,654,0,654,0,0,0,654,0,6542015-11-06,19,Leeds,"Dortmund Square	",,Friday,2015,4,November,44,1019,0,1019,0,0,0,1019,0,10192015-11-06,19,Leeds,Albion Street South,,Friday,2015,4,November,44,868,0,868,0,0,0,868,0,8682015-11-06,19,Leeds,Albion Street North,,Friday,2015,4,November,44,377,0,377,0,0,0,377,0,3772015-11-06,20,Leeds,Briggate,,Friday,2015,4,November,44,459,0,459,0,0,0,459,0,4592015-11-06,20,Leeds,"Briggate at McDonalds	",,Friday,2015,4,November,44,498,0,498,0,0,0,498,0,4982015-11-06,20,Leeds,Commercial Street at Sharps,,Friday,2015,4,November,44,365,0,365,0,0,0,365,0,3652015-11-06,20,Leeds,Commercial Street at Barratts,,Friday,2015,4,November,44,257,0,257,0,0,0,257,0,2572015-11-06,20,Leeds,Headrow,,Friday,2015,4,November,44,455,0,455,0,0,0,455,0,4552015-11-06,20,Leeds,"Dortmund Square	",,Friday,2015,4,November,44,692,0,692,0,0,0,692,0,6922015-11-06,20,Leeds,Albion Street South,,Friday,2015,4,November,44,546,0,546,0,0,0,546,0,5462015-11-06,20,Leeds,Albion Street North,,Friday,2015,4,November,44,269,0,269,0,0,0,269,0,2692015-11-06,21,Leeds,Briggate,,Friday,2015,4,November,44,383,0,383,0,0,0,383,0,3832015-11-06,21,Leeds,"Briggate at McDonalds	",,Friday,2015,4,November,44,480,0,480,0,0,0,480,0,4802015-11-06,21,Leeds,Commercial Street at Sharps,,Friday,2015,4,November,44,291,0,291,0,0,0,291,0,2912015-11-06,21,Leeds,Commercial Street at Barratts,,Friday,2015,4,November,44,229,0,229,0,0,0,229,0,2292015-11-06,21,Leeds,Headrow,,Friday,2015,4,November,44,402,0,402,0,0,0,402,0,4022015-11-06,21,Leeds,"Dortmund Square	",,Friday,2015,4,November,44,519,0,519,0,0,0,519,0,5192015-11-06,21,Leeds,Albion Street South,,Friday,2015,4,November,44,435,0,435,0,0,0,435,0,4352015-11-06,21,Leeds,Albion Street North,,Friday,2015,4,November,44,177,0,177,0,0,0,177,0,1772015-11-06,22,Leeds,Briggate,,Friday,2015,4,November,44,416,0,416,0,0,0,416,0,4162015-11-06,22,Leeds,"Briggate at McDonalds	",,Friday,2015,4,November,44,457,0,457,0,0,0,457,0,4572015-11-06,22,Leeds,Commercial Street at Sharps,,Friday,2015,4,November,44,270,0,270,0,0,0,270,0,2702015-11-06,22,Leeds,Commercial Street at Barratts,,Friday,2015,4,November,44,170,0,170,0,0,0,170,0,1702015-11-06,22,Leeds,Headrow,,Friday,2015,4,November,44,396,0,396,0,0,0,396,0,3962015-11-06,22,Leeds,"Dortmund Square	",,Friday,2015,4,November,44,481,0,481,0,0,0,481,0,4812015-11-06,22,Leeds,Albion Street South,,Friday,2015,4,November,44,358,0,358,0,0,0,358,0,3582015-11-06,22,Leeds,Albion Street North,,Friday,2015,4,November,44,127,0,127,0,0,0,127,0,1272015-11-06,23,Leeds,Briggate,,Friday,2015,4,November,44,417,0,417,0,0,0,417,0,4172015-11-06,23,Leeds,"Briggate at McDonalds	",,Friday,2015,4,November,44,513,0,513,0,0,0,513,0,5132015-11-06,23,Leeds,Commercial Street at Sharps,,Friday,2015,4,November,44,236,0,236,0,0,0,236,0,2362015-11-06,23,Leeds,Commercial Street at Barratts,,Friday,2015,4,November,44,156,0,156,0,0,0,156,0,1562015-11-06,23,Leeds,Headrow,,Friday,2015,4,November,44,292,0,292,0,0,0,292,0,2922015-11-06,23,Leeds,"Dortmund Square	",,Friday,2015,4,November,44,345,0,345,0,0,0,345,0,3452015-11-06,23,Leeds,Albion Street South,,Friday,2015,4,November,44,299,0,299,0,0,0,299,0,2992015-11-06,23,Leeds,Albion Street North,,Friday,2015,4,November,44,92,0,92,0,0,0,92,0,922015-11-07,0,Leeds,Briggate,,Saturday,2015,4,November,44,391,0,391,0,0,0,391,0,3912015-11-07,0,Leeds,"Briggate at McDonalds	",,Saturday,2015,4,November,44,390,0,390,0,0,0,390,0,3902015-11-07,0,Leeds,Commercial Street at Sharps,,Saturday,2015,4,November,44,143,0,143,0,0,0,143,0,1432015-11-07,0,Leeds,Commercial Street at Barratts,,Saturday,2015,4,November,44,131,0,131,0,0,0,131,0,1312015-11-07,0,Leeds,Headrow,,Saturday,2015,4,November,44,227,0,227,0,0,0,227,0,2272015-11-07,0,Leeds,"Dortmund Square	",,Saturday,2015,4,November,44,211,0,211,0,0,0,211,0,2112015-11-07,0,Leeds,Albion Street South,,Saturday,2015,4,November,44,176,0,176,0,0,0,176,0,1762015-11-07,0,Leeds,Albion Street North,,Saturday,2015,4,November,44,65,0,65,0,0,0,65,0,652015-11-07,1,Leeds,Briggate,,Saturday,2015,4,November,44,363,0,363,0,0,0,363,0,3632015-11-07,1,Leeds,"Briggate at McDonalds	",,Saturday,2015,4,November,44,280,0,280,0,0,0,280,0,2802015-11-07,1,Leeds,Commercial Street at Sharps,,Saturday,2015,4,November,44,95,0,95,0,0,0,95,0,952015-11-07,1,Leeds,Commercial Street at Barratts,,Saturday,2015,4,November,44,55,0,55,0,0,0,55,0,552015-11-07,1,Leeds,Headrow,,Saturday,2015,4,November,44,175,0,175,0,0,0,175,0,1752015-11-07,1,Leeds,"Dortmund Square	",,Saturday,2015,4,November,44,137,0,137,0,0,0,137,0,1372015-11-07,1,Leeds,Albion Street South,,Saturday,2015,4,November,44,154,0,154,0,0,0,154,0,1542015-11-07,1,Leeds,Albion Street North,,Saturday,2015,4,November,44,43,0,43,0,0,0,43,0,432015-11-07,2,Leeds,Briggate,,Saturday,2015,4,November,44,312,0,312,0,0,0,312,0,3122015-11-07,2,Leeds,"Briggate at McDonalds	",,Saturday,2015,4,November,44,295,0,295,0,0,0,295,0,2952015-11-07,2,Leeds,Commercial Street at Sharps,,Saturday,2015,4,November,44,38,0,38,0,0,0,38,0,382015-11-07,2,Leeds,Commercial Street at Barratts,,Saturday,2015,4,November,44,25,0,25,0,0,0,25,0,252015-11-07,2,Leeds,Headrow,,Saturday,2015,4,November,44,137,0,137,0,0,0,137,0,1372015-11-07,2,Leeds,"Dortmund Square	",,Saturday,2015,4,November,44,175,0,175,0,0,0,175,0,1752015-11-07,2,Leeds,Albion Street South,,Saturday,2015,4,November,44,131,0,131,0,0,0,131,0,1312015-11-07,2,Leeds,Albion Street North,,Saturday,2015,4,November,44,49,0,49,0,0,0,49,0,492015-11-07,3,Leeds,Briggate,,Saturday,2015,4,November,44,294,0,294,0,0,0,294,0,2942015-11-07,3,Leeds,"Briggate at McDonalds	",,Saturday,2015,4,November,44,219,0,219,0,0,0,219,0,2192015-11-07,3,Leeds,Commercial Street at Sharps,,Saturday,2015,4,November,44,20,0,20,0,0,0,20,0,202015-11-07,3,Leeds,Commercial Street at Barratts,,Saturday,2015,4,November,44,25,0,25,0,0,0,25,0,252015-11-07,3,Leeds,Headrow,,Saturday,2015,4,November,44,125,0,125,0,0,0,125,0,1252015-11-07,3,Leeds,"Dortmund Square	",,Saturday,2015,4,November,44,99,0,99,0,0,0,99,0,992015-11-07,3,Leeds,Albion Street South,,Saturday,2015,4,November,44,58,0,58,0,0,0,58,0,582015-11-07,3,Leeds,Albion Street North,,Saturday,2015,4,November,44,30,0,30,0,0,0,30,0,302015-11-07,4,Leeds,Briggate,,Saturday,2015,4,November,44,253,0,253,0,0,0,253,0,2532015-11-07,4,Leeds,"Briggate at McDonalds	",,Saturday,2015,4,November,44,111,0,111,0,0,0,111,0,1112015-11-07,4,Leeds,Commercial Street at Sharps,,Saturday,2015,4,November,44,16,0,16,0,0,0,16,0,162015-11-07,4,Leeds,Commercial Street at Barratts,,Saturday,2015,4,November,44,3,0,3,0,0,0,3,0,32015-11-07,4,Leeds,Headrow,,Saturday,2015,4,November,44,49,0,49,0,0,0,49,0,492015-11-07,4,Leeds,"Dortmund Square	",,Saturday,2015,4,November,44,65,0,65,0,0,0,65,0,652015-11-07,4,Leeds,Albion Street South,,Saturday,2015,4,November,44,52,0,52,0,0,0,52,0,522015-11-07,4,Leeds,Albion Street North,,Saturday,2015,4,November,44,28,0,28,0,0,0,28,0,282015-11-07,5,Leeds,Briggate,,Saturday,2015,4,November,44,138,0,138,0,0,0,138,0,1382015-11-07,5,Leeds,"Briggate at McDonalds	",,Saturday,2015,4,November,44,104,0,104,0,0,0,104,0,1042015-11-07,5,Leeds,Commercial Street at Sharps,,Saturday,2015,4,November,44,20,0,20,0,0,0,20,0,202015-11-07,5,Leeds,Commercial Street at Barratts,,Saturday,2015,4,November,44,12,0,12,0,0,0,12,0,122015-11-07,5,Leeds,Headrow,,Saturday,2015,4,November,44,57,0,57,0,0,0,57,0,572015-11-07,5,Leeds,"Dortmund Square	",,Saturday,2015,4,November,44,67,0,67,0,0,0,67,0,672015-11-07,5,Leeds,Albion Street South,,Saturday,2015,4,November,44,64,0,64,0,0,0,64,0,642015-11-07,5,Leeds,Albion Street North,,Saturday,2015,4,November,44,28,0,28,0,0,0,28,0,282015-11-07,6,Leeds,Briggate,,Saturday,2015,4,November,44,199,0,199,0,0,0,199,0,1992015-11-07,6,Leeds,"Briggate at McDonalds	",,Saturday,2015,4,November,44,87,0,87,0,0,0,87,0,872015-11-07,6,Leeds,Commercial Street at Sharps,,Saturday,2015,4,November,44,26,0,26,0,0,0,26,0,262015-11-07,6,Leeds,Commercial Street at Barratts,,Saturday,2015,4,November,44,25,0,25,0,0,0,25,0,252015-11-07,6,Leeds,Headrow,,Saturday,2015,4,November,44,78,0,78,0,0,0,78,0,782015-11-07,6,Leeds,"Dortmund Square	",,Saturday,2015,4,November,44,61,0,61,0,0,0,61,0,612015-11-07,6,Leeds,Albion Street South,,Saturday,2015,4,November,44,34,0,34,0,0,0,34,0,342015-11-07,6,Leeds,Albion Street North,,Saturday,2015,4,November,44,20,0,20,0,0,0,20,0,202015-11-07,7,Leeds,Briggate,,Saturday,2015,4,November,44,395,0,395,0,0,0,395,0,3952015-11-07,7,Leeds,"Briggate at McDonalds	",,Saturday,2015,4,November,44,155,0,155,0,0,0,155,0,1552015-11-07,7,Leeds,Commercial Street at Sharps,,Saturday,2015,4,November,44,64,0,64,0,0,0,64,0,642015-11-07,7,Leeds,Commercial Street at Barratts,,Saturday,2015,4,November,44,63,0,63,0,0,0,63,0,632015-11-07,7,Leeds,Headrow,,Saturday,2015,4,November,44,429,0,429,0,0,0,429,0,4292015-11-07,7,Leeds,"Dortmund Square	",,Saturday,2015,4,November,44,91,0,91,0,0,0,91,0,912015-11-07,7,Leeds,Albion Street South,,Saturday,2015,4,November,44,78,0,78,0,0,0,78,0,782015-11-07,7,Leeds,Albion Street North,,Saturday,2015,4,November,44,75,0,75,0,0,0,75,0,752015-11-07,8,Leeds,Briggate,,Saturday,2015,4,November,44,761,0,761,0,0,0,761,0,7612015-11-07,8,Leeds,"Briggate at McDonalds	",,Saturday,2015,4,November,44,328,0,328,0,0,0,328,0,3282015-11-07,8,Leeds,Commercial Street at Sharps,,Saturday,2015,4,November,44,284,0,284,0,0,0,284,0,2842015-11-07,8,Leeds,Commercial Street at Barratts,,Saturday,2015,4,November,44,236,0,236,0,0,0,236,0,2362015-11-07,8,Leeds,Headrow,,Saturday,2015,4,November,44,510,0,510,0,0,0,510,0,5102015-11-07,8,Leeds,"Dortmund Square	",,Saturday,2015,4,November,44,218,0,218,0,0,0,218,0,2182015-11-07,8,Leeds,Albion Street South,,Saturday,2015,4,November,44,279,0,279,0,0,0,279,0,2792015-11-07,8,Leeds,Albion Street North,,Saturday,2015,4,November,44,294,0,294,0,0,0,294,0,2942015-11-07,9,Leeds,Briggate,,Saturday,2015,4,November,44,1605,0,1605,0,0,0,1605,0,16052015-11-07,9,Leeds,"Briggate at McDonalds	",,Saturday,2015,4,November,44,592,0,592,0,0,0,592,0,5922015-11-07,9,Leeds,Commercial Street at Sharps,,Saturday,2015,4,November,44,812,0,812,0,0,0,812,0,8122015-11-07,9,Leeds,Commercial Street at Barratts,,Saturday,2015,4,November,44,694,0,694,0,0,0,694,0,6942015-11-07,9,Leeds,Headrow,,Saturday,2015,4,November,44,1023,0,1023,0,0,0,1023,0,10232015-11-07,9,Leeds,"Dortmund Square	",,Saturday,2015,4,November,44,276,0,276,0,0,0,276,0,2762015-11-07,9,Leeds,Albion Street South,,Saturday,2015,4,November,44,666,0,666,0,0,0,666,0,6662015-11-07,9,Leeds,Albion Street North,,Saturday,2015,4,November,44,725,0,725,0,0,0,725,0,7252015-11-07,10,Leeds,Briggate,,Saturday,2015,4,November,44,2250,0,2250,0,0,0,2250,0,22502015-11-07,10,Leeds,"Briggate at McDonalds	",,Saturday,2015,4,November,44,1001,0,1001,0,0,0,1001,0,10012015-11-07,10,Leeds,Commercial Street at Sharps,,Saturday,2015,4,November,44,1619,0,1619,0,0,0,1619,0,16192015-11-07,10,Leeds,Commercial Street at Barratts,,Saturday,2015,4,November,44,1437,0,1437,0,0,0,1437,0,14372015-11-07,10,Leeds,Headrow,,Saturday,2015,4,November,44,1841,0,1841,0,0,0,1841,0,18412015-11-07,10,Leeds,"Dortmund Square	",,Saturday,2015,4,November,44,605,0,605,0,0,0,605,0,6052015-11-07,10,Leeds,Albion Street South,,Saturday,2015,4,November,44,1295,0,1295,0,0,0,1295,0,12952015-11-07,10,Leeds,Albion Street North,,Saturday,2015,4,November,44,1369,0,1369,0,0,0,1369,0,13692015-11-07,11,Leeds,Briggate,,Saturday,2015,4,November,44,4072,0,4072,0,0,0,4072,0,40722015-11-07,11,Leeds,"Briggate at McDonalds	",,Saturday,2015,4,November,44,1433,0,1433,0,0,0,1433,0,14332015-11-07,11,Leeds,Commercial Street at Sharps,,Saturday,2015,4,November,44,2367,0,2367,0,0,0,2367,0,23672015-11-07,11,Leeds,Commercial Street at Barratts,,Saturday,2015,4,November,44,2339,0,2339,0,0,0,2339,0,23392015-11-07,11,Leeds,Headrow,,Saturday,2015,4,November,44,2069,0,2069,0,0,0,2069,0,20692015-11-07,11,Leeds,"Dortmund Square	",,Saturday,2015,4,November,44,1778,0,1778,0,0,0,1778,0,17782015-11-07,11,Leeds,Albion Street South,,Saturday,2015,4,November,44,3242,0,3242,0,0,0,3242,0,32422015-11-07,11,Leeds,Albion Street North,,Saturday,2015,4,November,44,3139,0,3139,0,0,0,3139,0,31392015-11-07,12,Leeds,Briggate,,Saturday,2015,4,November,44,5926,0,5926,0,0,0,5926,0,59262015-11-07,12,Leeds,"Briggate at McDonalds	",,Saturday,2015,4,November,44,2441,0,2441,0,0,0,2441,0,24412015-11-07,12,Leeds,Commercial Street at Sharps,,Saturday,2015,4,November,44,2894,0,2894,0,0,0,2894,0,28942015-11-07,12,Leeds,Commercial Street at Barratts,,Saturday,2015,4,November,44,3203,0,3203,0,0,0,3203,0,32032015-11-07,12,Leeds,Headrow,,Saturday,2015,4,November,44,2475,0,2475,0,0,0,2475,0,24752015-11-07,12,Leeds,"Dortmund Square	",,Saturday,2015,4,November,44,2129,0,2129,0,0,0,2129,0,21292015-11-07,12,Leeds,Albion Street South,,Saturday,2015,4,November,44,3685,0,3685,0,0,0,3685,0,36852015-11-07,12,Leeds,Albion Street North,,Saturday,2015,4,November,44,2952,0,2952,0,0,0,2952,0,29522015-11-07,13,Leeds,Briggate,,Saturday,2015,4,November,44,6041,0,6041,0,0,0,6041,0,60412015-11-07,13,Leeds,"Briggate at McDonalds	",,Saturday,2015,4,November,44,2448,0,2448,0,0,0,2448,0,24482015-11-07,13,Leeds,Commercial Street at Sharps,,Saturday,2015,4,November,44,3220,0,3220,0,0,0,3220,0,32202015-11-07,13,Leeds,Commercial Street at Barratts,,Saturday,2015,4,November,44,3418,0,3418,0,0,0,3418,0,34182015-11-07,13,Leeds,Headrow,,Saturday,2015,4,November,44,2794,0,2794,0,0,0,2794,0,27942015-11-07,13,Leeds,"Dortmund Square	",,Saturday,2015,4,November,44,2727,0,2727,0,0,0,2727,0,27272015-11-07,13,Leeds,Albion Street South,,Saturday,2015,4,November,44,4628,0,4628,0,0,0,4628,0,46282015-11-07,13,Leeds,Albion Street North,,Saturday,2015,4,November,44,3380,0,3380,0,0,0,3380,0,33802015-11-07,14,Leeds,Briggate,,Saturday,2015,4,November,44,6628,0,6628,0,0,0,6628,0,66282015-11-07,14,Leeds,"Briggate at McDonalds	",,Saturday,2015,4,November,44,2179,0,2179,0,0,0,2179,0,21792015-11-07,14,Leeds,Commercial Street at Sharps,,Saturday,2015,4,November,44,3601,0,3601,0,0,0,3601,0,36012015-11-07,14,Leeds,Commercial Street at Barratts,,Saturday,2015,4,November,44,3433,0,3433,0,0,0,3433,0,34332015-11-07,14,Leeds,Headrow,,Saturday,2015,4,November,44,2804,0,2804,0,0,0,2804,0,28042015-11-07,14,Leeds,"Dortmund Square	",,Saturday,2015,4,November,44,2944,0,2944,0,0,0,2944,0,29442015-11-07,14,Leeds,Albion Street South,,Saturday,2015,4,November,44,6532,0,6532,0,0,0,6532,0,65322015-11-07,14,Leeds,Albion Street North,,Saturday,2015,4,November,44,4142,0,4142,0,0,0,4142,0,41422015-11-07,15,Leeds,Briggate,,Saturday,2015,4,November,44,6805,0,6805,0,0,0,6805,0,68052015-11-07,15,Leeds,"Briggate at McDonalds	",,Saturday,2015,4,November,44,2178,0,2178,0,0,0,2178,0,21782015-11-07,15,Leeds,Commercial Street at Sharps,,Saturday,2015,4,November,44,3425,0,3425,0,0,0,3425,0,34252015-11-07,15,Leeds,Commercial Street at Barratts,,Saturday,2015,4,November,44,3491,0,3491,0,0,0,3491,0,34912015-11-07,15,Leeds,Headrow,,Saturday,2015,4,November,44,2938,0,2938,0,0,0,2938,0,29382015-11-07,15,Leeds,"Dortmund Square	",,Saturday,2015,4,November,44,2919,0,2919,0,0,0,2919,0,29192015-11-07,15,Leeds,Albion Street South,,Saturday,2015,4,November,44,6531,0,6531,0,0,0,6531,0,65312015-11-07,15,Leeds,Albion Street North,,Saturday,2015,4,November,44,3994,0,3994,0,0,0,3994,0,39942015-11-07,16,Leeds,Briggate,,Saturday,2015,4,November,44,3647,0,3647,0,0,0,3647,0,36472015-11-07,16,Leeds,"Briggate at McDonalds	",,Saturday,2015,4,November,44,2248,0,2248,0,0,0,2248,0,22482015-11-07,16,Leeds,Commercial Street at Sharps,,Saturday,2015,4,November,44,2734,0,2734,0,0,0,2734,0,27342015-11-07,16,Leeds,Commercial Street at Barratts,,Saturday,2015,4,November,44,2621,0,2621,0,0,0,2621,0,26212015-11-07,16,Leeds,Headrow,,Saturday,2015,4,November,44,2617,0,2617,0,0,0,2617,0,26172015-11-07,16,Leeds,"Dortmund Square	",,Saturday,2015,4,November,44,2709,0,2709,0,0,0,2709,0,27092015-11-07,16,Leeds,Albion Street South,,Saturday,2015,4,November,44,4409,0,4409,0,0,0,4409,0,44092015-11-07,16,Leeds,Albion Street North,,Saturday,2015,4,November,44,3053,0,3053,0,0,0,3053,0,30532015-11-07,17,Leeds,Briggate,,Saturday,2015,4,November,44,1760,0,1760,0,0,0,1760,0,17602015-11-07,17,Leeds,"Briggate at McDonalds	",,Saturday,2015,4,November,44,1601,0,1601,0,0,0,1601,0,16012015-11-07,17,Leeds,Commercial Street at Sharps,,Saturday,2015,4,November,44,1808,0,1808,0,0,0,1808,0,18082015-11-07,17,Leeds,Commercial Street at Barratts,,Saturday,2015,4,November,44,1622,0,1622,0,0,0,1622,0,16222015-11-07,17,Leeds,Headrow,,Saturday,2015,4,November,44,1890,0,1890,0,0,0,1890,0,18902015-11-07,17,Leeds,"Dortmund Square	",,Saturday,2015,4,November,44,1954,0,1954,0,0,0,1954,0,19542015-11-07,17,Leeds,Albion Street South,,Saturday,2015,4,November,44,2659,0,2659,0,0,0,2659,0,26592015-11-07,17,Leeds,Albion Street North,,Saturday,2015,4,November,44,1898,0,1898,0,0,0,1898,0,18982015-11-07,18,Leeds,Briggate,,Saturday,2015,4,November,44,1176,0,1176,0,0,0,1176,0,11762015-11-07,18,Leeds,"Briggate at McDonalds	",,Saturday,2015,4,November,44,1242,0,1242,0,0,0,1242,0,12422015-11-07,18,Leeds,Commercial Street at Sharps,,Saturday,2015,4,November,44,893,0,893,0,0,0,893,0,8932015-11-07,18,Leeds,Commercial Street at Barratts,,Saturday,2015,4,November,44,728,0,728,0,0,0,728,0,7282015-11-07,18,Leeds,Headrow,,Saturday,2015,4,November,44,1115,0,1115,0,0,0,1115,0,11152015-11-07,18,Leeds,"Dortmund Square	",,Saturday,2015,4,November,44,1376,0,1376,0,0,0,1376,0,13762015-11-07,18,Leeds,Albion Street South,,Saturday,2015,4,November,44,1466,0,1466,0,0,0,1466,0,14662015-11-07,18,Leeds,Albion Street North,,Saturday,2015,4,November,44,887,0,887,0,0,0,887,0,8872015-11-07,19,Leeds,Briggate,,Saturday,2015,4,November,44,779,0,779,0,0,0,779,0,7792015-11-07,19,Leeds,"Briggate at McDonalds	",,Saturday,2015,4,November,44,799,0,799,0,0,0,799,0,7992015-11-07,19,Leeds,Commercial Street at Sharps,,Saturday,2015,4,November,44,509,0,509,0,0,0,509,0,5092015-11-07,19,Leeds,Commercial Street at Barratts,,Saturday,2015,4,November,44,416,0,416,0,0,0,416,0,4162015-11-07,19,Leeds,Headrow,,Saturday,2015,4,November,44,765,0,765,0,0,0,765,0,7652015-11-07,19,Leeds,"Dortmund Square	",,Saturday,2015,4,November,44,868,0,868,0,0,0,868,0,8682015-11-07,19,Leeds,Albion Street South,,Saturday,2015,4,November,44,771,0,771,0,0,0,771,0,7712015-11-07,19,Leeds,Albion Street North,,Saturday,2015,4,November,44,508,0,508,0,0,0,508,0,5082015-11-07,20,Leeds,Briggate,,Saturday,2015,4,November,44,506,0,506,0,0,0,506,0,5062015-11-07,20,Leeds,"Briggate at McDonalds	",,Saturday,2015,4,November,44,553,0,553,0,0,0,553,0,5532015-11-07,20,Leeds,Commercial Street at Sharps,,Saturday,2015,4,November,44,360,0,360,0,0,0,360,0,3602015-11-07,20,Leeds,Commercial Street at Barratts,,Saturday,2015,4,November,44,291,0,291,0,0,0,291,0,2912015-11-07,20,Leeds,Headrow,,Saturday,2015,4,November,44,489,0,489,0,0,0,489,0,4892015-11-07,20,Leeds,"Dortmund Square	",,Saturday,2015,4,November,44,565,0,565,0,0,0,565,0,5652015-11-07,20,Leeds,Albion Street South,,Saturday,2015,4,November,44,572,0,572,0,0,0,572,0,5722015-11-07,20,Leeds,Albion Street North,,Saturday,2015,4,November,44,372,0,372,0,0,0,372,0,3722015-11-07,21,Leeds,Briggate,,Saturday,2015,4,November,44,613,0,613,0,0,0,613,0,6132015-11-07,21,Leeds,"Briggate at McDonalds	",,Saturday,2015,4,November,44,578,0,578,0,0,0,578,0,5782015-11-07,21,Leeds,Commercial Street at Sharps,,Saturday,2015,4,November,44,299,0,299,0,0,0,299,0,2992015-11-07,21,Leeds,Commercial Street at Barratts,,Saturday,2015,4,November,44,205,0,205,0,0,0,205,0,2052015-11-07,21,Leeds,Headrow,,Saturday,2015,4,November,44,539,0,539,0,0,0,539,0,5392015-11-07,21,Leeds,"Dortmund Square	",,Saturday,2015,4,November,44,577,0,577,0,0,0,577,0,5772015-11-07,21,Leeds,Albion Street South,,Saturday,2015,4,November,44,468,0,468,0,0,0,468,0,4682015-11-07,21,Leeds,Albion Street North,,Saturday,2015,4,November,44,286,0,286,0,0,0,286,0,2862015-11-07,22,Leeds,Briggate,,Saturday,2015,4,November,44,571,0,571,0,0,0,571,0,5712015-11-07,22,Leeds,"Briggate at McDonalds	",,Saturday,2015,4,November,44,615,0,615,0,0,0,615,0,6152015-11-07,22,Leeds,Commercial Street at Sharps,,Saturday,2015,4,November,44,257,0,257,0,0,0,257,0,2572015-11-07,22,Leeds,Commercial Street at Barratts,,Saturday,2015,4,November,44,184,0,184,0,0,0,184,0,1842015-11-07,22,Leeds,Headrow,,Saturday,2015,4,November,44,476,0,476,0,0,0,476,0,4762015-11-07,22,Leeds,"Dortmund Square	",,Saturday,2015,4,November,44,556,0,556,0,0,0,556,0,5562015-11-07,22,Leeds,Albion Street South,,Saturday,2015,4,November,44,433,0,433,0,0,0,433,0,4332015-11-07,22,Leeds,Albion Street North,,Saturday,2015,4,November,44,266,0,266,0,0,0,266,0,2662015-11-07,23,Leeds,Briggate,,Saturday,2015,4,November,44,635,0,635,0,0,0,635,0,6352015-11-07,23,Leeds,"Briggate at McDonalds	",,Saturday,2015,4,November,44,574,0,574,0,0,0,574,0,5742015-11-07,23,Leeds,Commercial Street at Sharps,,Saturday,2015,4,November,44,217,0,217,0,0,0,217,0,2172015-11-07,23,Leeds,Commercial Street at Barratts,,Saturday,2015,4,November,44,238,0,238,0,0,0,238,0,2382015-11-07,23,Leeds,Headrow,,Saturday,2015,4,November,44,439,0,439,0,0,0,439,0,4392015-11-07,23,Leeds,"Dortmund Square	",,Saturday,2015,4,November,44,390,0,390,0,0,0,390,0,3902015-11-07,23,Leeds,Albion Street South,,Saturday,2015,4,November,44,419,0,419,0,0,0,419,0,4192015-11-07,23,Leeds,Albion Street North,,Saturday,2015,4,November,44,221,0,221,0,0,0,221,0,2212015-11-08,0,Leeds,Briggate,,Sunday,2015,4,November,44,612,0,612,0,0,0,612,0,6122015-11-08,0,Leeds,"Briggate at McDonalds	",,Sunday,2015,4,November,44,572,0,572,0,0,0,572,0,5722015-11-08,0,Leeds,Commercial Street at Sharps,,Sunday,2015,4,November,44,199,0,199,0,0,0,199,0,1992015-11-08,0,Leeds,Commercial Street at Barratts,,Sunday,2015,4,November,44,241,0,241,0,0,0,241,0,2412015-11-08,0,Leeds,Headrow,,Sunday,2015,4,November,44,343,0,343,0,0,0,343,0,3432015-11-08,0,Leeds,"Dortmund Square	",,Sunday,2015,4,November,44,364,0,364,0,0,0,364,0,3642015-11-08,0,Leeds,Albion Street South,,Sunday,2015,4,November,44,47,0,47,0,0,0,47,0,472015-11-08,0,Leeds,Albion Street North,,Sunday,2015,4,November,44,17,0,17,0,0,0,17,0,172015-11-08,1,Leeds,Briggate,,Sunday,2015,4,November,44,520,0,520,0,0,0,520,0,5202015-11-08,1,Leeds,"Briggate at McDonalds	",,Sunday,2015,4,November,44,513,0,513,0,0,0,513,0,5132015-11-08,1,Leeds,Commercial Street at Sharps,,Sunday,2015,4,November,44,188,0,188,0,0,0,188,0,1882015-11-08,1,Leeds,Commercial Street at Barratts,,Sunday,2015,4,November,44,114,0,114,0,0,0,114,0,1142015-11-08,1,Leeds,Headrow,,Sunday,2015,4,November,44,226,0,226,0,0,0,226,0,2262015-11-08,1,Leeds,"Dortmund Square	",,Sunday,2015,4,November,44,256,0,256,0,0,0,256,0,2562015-11-08,1,Leeds,Albion Street South,,Sunday,2015,4,November,44,503,0,503,0,0,0,503,0,5032015-11-08,1,Leeds,Albion Street North,,Sunday,2015,4,November,44,73,0,73,0,0,0,73,0,732015-11-08,2,Leeds,Briggate,,Sunday,2015,4,November,44,433,0,433,0,0,0,433,0,4332015-11-08,2,Leeds,"Briggate at McDonalds	",,Sunday,2015,4,November,44,341,0,341,0,0,0,341,0,3412015-11-08,2,Leeds,Commercial Street at Sharps,,Sunday,2015,4,November,44,165,0,165,0,0,0,165,0,1652015-11-08,2,Leeds,Commercial Street at Barratts,,Sunday,2015,4,November,44,72,0,72,0,0,0,72,0,722015-11-08,2,Leeds,Headrow,,Sunday,2015,4,November,44,204,0,204,0,0,0,204,0,2042015-11-08,2,Leeds,"Dortmund Square	",,Sunday,2015,4,November,44,154,0,154,0,0,0,154,0,1542015-11-08,2,Leeds,Albion Street South,,Sunday,2015,4,November,44,266,0,266,0,0,0,266,0,2662015-11-08,2,Leeds,Albion Street North,,Sunday,2015,4,November,44,99,0,99,0,0,0,99,0,992015-11-08,3,Leeds,Briggate,,Sunday,2015,4,November,44,372,0,372,0,0,0,372,0,3722015-11-08,3,Leeds,"Briggate at McDonalds	",,Sunday,2015,4,November,44,326,0,326,0,0,0,326,0,3262015-11-08,3,Leeds,Commercial Street at Sharps,,Sunday,2015,4,November,44,74,0,74,0,0,0,74,0,742015-11-08,3,Leeds,Commercial Street at Barratts,,Sunday,2015,4,November,44,59,0,59,0,0,0,59,0,592015-11-08,3,Leeds,Headrow,,Sunday,2015,4,November,44,173,0,173,0,0,0,173,0,1732015-11-08,3,Leeds,"Dortmund Square	",,Sunday,2015,4,November,44,190,0,190,0,0,0,190,0,1902015-11-08,3,Leeds,Albion Street South,,Sunday,2015,4,November,44,220,0,220,0,0,0,220,0,2202015-11-08,3,Leeds,Albion Street North,,Sunday,2015,4,November,44,48,0,48,0,0,0,48,0,482015-11-08,4,Leeds,Briggate,,Sunday,2015,4,November,44,286,0,286,0,0,0,286,0,2862015-11-08,4,Leeds,"Briggate at McDonalds	",,Sunday,2015,4,November,44,184,0,184,0,0,0,184,0,1842015-11-08,4,Leeds,Commercial Street at Sharps,,Sunday,2015,4,November,44,52,0,52,0,0,0,52,0,522015-11-08,4,Leeds,Commercial Street at Barratts,,Sunday,2015,4,November,44,15,0,15,0,0,0,15,0,152015-11-08,4,Leeds,Headrow,,Sunday,2015,4,November,44,86,0,86,0,0,0,86,0,862015-11-08,4,Leeds,"Dortmund Square	",,Sunday,2015,4,November,44,121,0,121,0,0,0,121,0,1212015-11-08,4,Leeds,Albion Street South,,Sunday,2015,4,November,44,94,0,94,0,0,0,94,0,942015-11-08,4,Leeds,Albion Street North,,Sunday,2015,4,November,44,40,0,40,0,0,0,40,0,402015-11-08,5,Leeds,Briggate,,Sunday,2015,4,November,44,149,0,149,0,0,0,149,0,1492015-11-08,5,Leeds,"Briggate at McDonalds	",,Sunday,2015,4,November,44,60,0,60,0,0,0,60,0,602015-11-08,5,Leeds,Commercial Street at Sharps,,Sunday,2015,4,November,44,54,0,54,0,0,0,54,0,542015-11-08,5,Leeds,Commercial Street at Barratts,,Sunday,2015,4,November,44,0,0,0,0,0,0,0,0,02015-11-08,5,Leeds,Headrow,,Sunday,2015,4,November,44,18,0,18,0,0,0,18,0,182015-11-08,5,Leeds,"Dortmund Square	",,Sunday,2015,4,November,44,73,0,73,0,0,0,73,0,732015-11-08,5,Leeds,Albion Street South,,Sunday,2015,4,November,44,54,0,54,0,0,0,54,0,542015-11-08,5,Leeds,Albion Street North,,Sunday,2015,4,November,44,24,0,24,0,0,0,24,0,242015-11-08,6,Leeds,Briggate,,Sunday,2015,4,November,44,118,0,118,0,0,0,118,0,1182015-11-08,6,Leeds,"Briggate at McDonalds	",,Sunday,2015,4,November,44,77,0,77,0,0,0,77,0,772015-11-08,6,Leeds,Commercial Street at Sharps,,Sunday,2015,4,November,44,46,0,46,0,0,0,46,0,462015-11-08,6,Leeds,Commercial Street at Barratts,,Sunday,2015,4,November,44,12,0,12,0,0,0,12,0,122015-11-08,6,Leeds,Headrow,,Sunday,2015,4,November,44,52,0,52,0,0,0,52,0,522015-11-08,6,Leeds,"Dortmund Square	",,Sunday,2015,4,November,44,43,0,43,0,0,0,43,0,432015-11-08,6,Leeds,Albion Street South,,Sunday,2015,4,November,44,14,0,14,0,0,0,14,0,142015-11-08,6,Leeds,Albion Street North,,Sunday,2015,4,November,44,42,0,42,0,0,0,42,0,422015-11-08,7,Leeds,Briggate,,Sunday,2015,4,November,44,184,0,184,0,0,0,184,0,1842015-11-08,7,Leeds,"Briggate at McDonalds	",,Sunday,2015,4,November,44,106,0,106,0,0,0,106,0,1062015-11-08,7,Leeds,Commercial Street at Sharps,,Sunday,2015,4,November,44,58,0,58,0,0,0,58,0,582015-11-08,7,Leeds,Commercial Street at Barratts,,Sunday,2015,4,November,44,30,0,30,0,0,0,30,0,302015-11-08,7,Leeds,Headrow,,Sunday,2015,4,November,44,49,0,49,0,0,0,49,0,492015-11-08,7,Leeds,"Dortmund Square	",,Sunday,2015,4,November,44,60,0,60,0,0,0,60,0,602015-11-08,7,Leeds,Albion Street South,,Sunday,2015,4,November,44,60,0,60,0,0,0,60,0,602015-11-08,7,Leeds,Albion Street North,,Sunday,2015,4,November,44,47,0,47,0,0,0,47,0,472015-11-08,8,Leeds,Briggate,,Sunday,2015,4,November,44,211,0,211,0,0,0,211,0,2112015-11-08,8,Leeds,"Briggate at McDonalds	",,Sunday,2015,4,November,44,99,0,99,0,0,0,99,0,992015-11-08,8,Leeds,Commercial Street at Sharps,,Sunday,2015,4,November,44,86,0,86,0,0,0,86,0,862015-11-08,8,Leeds,Commercial Street at Barratts,,Sunday,2015,4,November,44,30,0,30,0,0,0,30,0,302015-11-08,8,Leeds,Headrow,,Sunday,2015,4,November,44,97,0,97,0,0,0,97,0,972015-11-08,8,Leeds,"Dortmund Square	",,Sunday,2015,4,November,44,91,0,91,0,0,0,91,0,912015-11-08,8,Leeds,Albion Street South,,Sunday,2015,4,November,44,95,0,95,0,0,0,95,0,952015-11-08,8,Leeds,Albion Street North,,Sunday,2015,4,November,44,90,0,90,0,0,0,90,0,902015-11-08,9,Leeds,Briggate,,Sunday,2015,4,November,44,379,0,379,0,0,0,379,0,3792015-11-08,9,Leeds,"Briggate at McDonalds	",,Sunday,2015,4,November,44,192,0,192,0,0,0,192,0,1922015-11-08,9,Leeds,Commercial Street at Sharps,,Sunday,2015,4,November,44,174,0,174,0,0,0,174,0,1742015-11-08,9,Leeds,Commercial Street at Barratts,,Sunday,2015,4,November,44,84,0,84,0,0,0,84,0,842015-11-08,9,Leeds,Headrow,,Sunday,2015,4,November,44,258,0,258,0,0,0,258,0,2582015-11-08,9,Leeds,"Dortmund Square	",,Sunday,2015,4,November,44,174,0,174,0,0,0,174,0,1742015-11-08,9,Leeds,Albion Street South,,Sunday,2015,4,November,44,216,0,216,0,0,0,216,0,2162015-11-08,9,Leeds,Albion Street North,,Sunday,2015,4,November,44,143,0,143,0,0,0,143,0,1432015-11-08,10,Leeds,Briggate,,Sunday,2015,4,November,44,1101,0,1101,0,0,0,1101,0,11012015-11-08,10,Leeds,"Briggate at McDonalds	",,Sunday,2015,4,November,44,400,0,400,0,0,0,400,0,4002015-11-08,10,Leeds,Commercial Street at Sharps,,Sunday,2015,4,November,44,624,0,624,0,0,0,624,0,6242015-11-08,10,Leeds,Commercial Street at Barratts,,Sunday,2015,4,November,44,306,0,306,0,0,0,306,0,3062015-11-08,10,Leeds,Headrow,,Sunday,2015,4,November,44,753,0,753,0,0,0,753,0,7532015-11-08,10,Leeds,"Dortmund Square	",,Sunday,2015,4,November,44,565,0,565,0,0,0,565,0,5652015-11-08,10,Leeds,Albion Street South,,Sunday,2015,4,November,44,627,0,627,0,0,0,627,0,6272015-11-08,10,Leeds,Albion Street North,,Sunday,2015,4,November,44,391,0,391,0,0,0,391,0,3912015-11-08,11,Leeds,Briggate,,Sunday,2015,4,November,44,2192,0,2192,0,0,0,2192,0,21922015-11-08,11,Leeds,"Briggate at McDonalds	",,Sunday,2015,4,November,44,602,0,602,0,0,0,602,0,6022015-11-08,11,Leeds,Commercial Street at Sharps,,Sunday,2015,4,November,44,1503,0,1503,0,0,0,1503,0,15032015-11-08,11,Leeds,Commercial Street at Barratts,,Sunday,2015,4,November,44,807,0,807,0,0,0,807,0,8072015-11-08,11,Leeds,Headrow,,Sunday,2015,4,November,44,1210,0,1210,0,0,0,1210,0,12102015-11-08,11,Leeds,"Dortmund Square	",,Sunday,2015,4,November,44,994,0,994,0,0,0,994,0,9942015-11-08,11,Leeds,Albion Street South,,Sunday,2015,4,November,44,2054,0,2054,0,0,0,2054,0,20542015-11-08,11,Leeds,Albion Street North,,Sunday,2015,4,November,44,807,0,807,0,0,0,807,0,8072015-11-08,12,Leeds,Briggate,,Sunday,2015,4,November,44,3599,0,3599,0,0,0,3599,0,35992015-11-08,12,Leeds,"Briggate at McDonalds	",,Sunday,2015,4,November,44,1192,0,1192,0,0,0,1192,0,11922015-11-08,12,Leeds,Commercial Street at Sharps,,Sunday,2015,4,November,44,2349,0,2349,0,0,0,2349,0,23492015-11-08,12,Leeds,Commercial Street at Barratts,,Sunday,2015,4,November,44,1364,0,1364,0,0,0,1364,0,13642015-11-08,12,Leeds,Headrow,,Sunday,2015,4,November,44,1644,0,1644,0,0,0,1644,0,16442015-11-08,12,Leeds,"Dortmund Square	",,Sunday,2015,4,November,44,1542,0,1542,0,0,0,1542,0,15422015-11-08,12,Leeds,Albion Street South,,Sunday,2015,4,November,44,1977,0,1977,0,0,0,1977,0,19772015-11-08,12,Leeds,Albion Street North,,Sunday,2015,4,November,44,1334,0,1334,0,0,0,1334,0,13342015-11-08,13,Leeds,Briggate,,Sunday,2015,4,November,44,4028,0,4028,0,0,0,4028,0,40282015-11-08,13,Leeds,"Briggate at McDonalds	",,Sunday,2015,4,November,44,1409,0,1409,0,0,0,1409,0,14092015-11-08,13,Leeds,Commercial Street at Sharps,,Sunday,2015,4,November,44,2921,0,2921,0,0,0,2921,0,29212015-11-08,13,Leeds,Commercial Street at Barratts,,Sunday,2015,4,November,44,1736,0,1736,0,0,0,1736,0,17362015-11-08,13,Leeds,Headrow,,Sunday,2015,4,November,44,1782,0,1782,0,0,0,1782,0,17822015-11-08,13,Leeds,"Dortmund Square	",,Sunday,2015,4,November,44,1933,0,1933,0,0,0,1933,0,19332015-11-08,13,Leeds,Albion Street South,,Sunday,2015,4,November,44,2973,0,2973,0,0,0,2973,0,29732015-11-08,13,Leeds,Albion Street North,,Sunday,2015,4,November,44,1679,0,1679,0,0,0,1679,0,16792015-11-08,14,Leeds,Briggate,,Sunday,2015,4,November,44,4437,0,4437,0,0,0,4437,0,44372015-11-08,14,Leeds,"Briggate at McDonalds	",,Sunday,2015,4,November,44,1476,0,1476,0,0,0,1476,0,14762015-11-08,14,Leeds,Commercial Street at Sharps,,Sunday,2015,4,November,44,3140,0,3140,0,0,0,3140,0,31402015-11-08,14,Leeds,Commercial Street at Barratts,,Sunday,2015,4,November,44,1913,0,1913,0,0,0,1913,0,19132015-11-08,14,Leeds,Headrow,,Sunday,2015,4,November,44,1850,0,1850,0,0,0,1850,0,18502015-11-08,14,Leeds,"Dortmund Square	",,Sunday,2015,4,November,44,2001,0,2001,0,0,0,2001,0,20012015-11-08,14,Leeds,Albion Street South,,Sunday,2015,4,November,44,3109,0,3109,0,0,0,3109,0,31092015-11-08,14,Leeds,Albion Street North,,Sunday,2015,4,November,44,1737,0,1737,0,0,0,1737,0,17372015-11-08,15,Leeds,Briggate,,Sunday,2015,4,November,44,3711,0,3711,0,0,0,3711,0,37112015-11-08,15,Leeds,"Briggate at McDonalds	",,Sunday,2015,4,November,44,1332,0,1332,0,0,0,1332,0,13322015-11-08,15,Leeds,Commercial Street at Sharps,,Sunday,2015,4,November,44,2703,0,2703,0,0,0,2703,0,27032015-11-08,15,Leeds,Commercial Street at Barratts,,Sunday,2015,4,November,44,1398,0,1398,0,0,0,1398,0,13982015-11-08,15,Leeds,Headrow,,Sunday,2015,4,November,44,1606,0,1606,0,0,0,1606,0,16062015-11-08,15,Leeds,"Dortmund Square	",,Sunday,2015,4,November,44,1791,0,1791,0,0,0,1791,0,17912015-11-08,15,Leeds,Albion Street South,,Sunday,2015,4,November,44,3050,0,3050,0,0,0,3050,0,30502015-11-08,15,Leeds,Albion Street North,,Sunday,2015,4,November,44,1602,0,1602,0,0,0,1602,0,16022015-11-08,16,Leeds,Briggate,,Sunday,2015,4,November,44,1309,0,1309,0,0,0,1309,0,13092015-11-08,16,Leeds,"Briggate at McDonalds	",,Sunday,2015,4,November,44,954,0,954,0,0,0,954,0,9542015-11-08,16,Leeds,Commercial Street at Sharps,,Sunday,2015,4,November,44,1725,0,1725,0,0,0,1725,0,17252015-11-08,16,Leeds,Commercial Street at Barratts,,Sunday,2015,4,November,44,1110,0,1110,0,0,0,1110,0,11102015-11-08,16,Leeds,Headrow,,Sunday,2015,4,November,44,1222,0,1222,0,0,0,1222,0,12222015-11-08,16,Leeds,"Dortmund Square	",,Sunday,2015,4,November,44,1321,0,1321,0,0,0,1321,0,13212015-11-08,16,Leeds,Albion Street South,,Sunday,2015,4,November,44,2321,0,2321,0,0,0,2321,0,23212015-11-08,16,Leeds,Albion Street North,,Sunday,2015,4,November,44,738,0,738,0,0,0,738,0,7382015-11-08,17,Leeds,Briggate,,Sunday,2015,4,November,44,543,0,543,0,0,0,543,0,5432015-11-08,17,Leeds,"Briggate at McDonalds	",,Sunday,2015,4,November,44,529,0,529,0,0,0,529,0,5292015-11-08,17,Leeds,Commercial Street at Sharps,,Sunday,2015,4,November,44,465,0,465,0,0,0,465,0,4652015-11-08,17,Leeds,Commercial Street at Barratts,,Sunday,2015,4,November,44,406,0,406,0,0,0,406,0,4062015-11-08,17,Leeds,Headrow,,Sunday,2015,4,November,44,554,0,554,0,0,0,554,0,5542015-11-08,17,Leeds,"Dortmund Square	",,Sunday,2015,4,November,44,756,0,756,0,0,0,756,0,7562015-11-08,17,Leeds,Albion Street South,,Sunday,2015,4,November,44,855,0,855,0,0,0,855,0,8552015-11-08,17,Leeds,Albion Street North,,Sunday,2015,4,November,44,241,0,241,0,0,0,241,0,2412015-11-08,18,Leeds,Briggate,,Sunday,2015,4,November,44,278,0,278,0,0,0,278,0,2782015-11-08,18,Leeds,"Briggate at McDonalds	",,Sunday,2015,4,November,44,282,0,282,0,0,0,282,0,2822015-11-08,18,Leeds,Commercial Street at Sharps,,Sunday,2015,4,November,44,240,0,240,0,0,0,240,0,2402015-11-08,18,Leeds,Commercial Street at Barratts,,Sunday,2015,4,November,44,164,0,164,0,0,0,164,0,1642015-11-08,18,Leeds,Headrow,,Sunday,2015,4,November,44,136,0,136,0,0,0,136,0,1362015-11-08,18,Leeds,"Dortmund Square	",,Sunday,2015,4,November,44,376,0,376,0,0,0,376,0,3762015-11-08,18,Leeds,Albion Street South,,Sunday,2015,4,November,44,404,0,404,0,0,0,404,0,4042015-11-08,18,Leeds,Albion Street North,,Sunday,2015,4,November,44,131,0,131,0,0,0,131,0,1312015-11-08,19,Leeds,Briggate,,Sunday,2015,4,November,44,221,0,221,0,0,0,221,0,2212015-11-08,19,Leeds,"Briggate at McDonalds	",,Sunday,2015,4,November,44,200,0,200,0,0,0,200,0,2002015-11-08,19,Leeds,Commercial Street at Sharps,,Sunday,2015,4,November,44,143,0,143,0,0,0,143,0,1432015-11-08,19,Leeds,Commercial Street at Barratts,,Sunday,2015,4,November,44,114,0,114,0,0,0,114,0,1142015-11-08,19,Leeds,Headrow,,Sunday,2015,4,November,44,148,0,148,0,0,0,148,0,1482015-11-08,19,Leeds,"Dortmund Square	",,Sunday,2015,4,November,44,328,0,328,0,0,0,328,0,3282015-11-08,19,Leeds,Albion Street South,,Sunday,2015,4,November,44,282,0,282,0,0,0,282,0,2822015-11-08,19,Leeds,Albion Street North,,Sunday,2015,4,November,44,108,0,108,0,0,0,108,0,1082015-11-08,20,Leeds,Briggate,,Sunday,2015,4,November,44,152,0,152,0,0,0,152,0,1522015-11-08,20,Leeds,"Briggate at McDonalds	",,Sunday,2015,4,November,44,184,0,184,0,0,0,184,0,1842015-11-08,20,Leeds,Commercial Street at Sharps,,Sunday,2015,4,November,44,107,0,107,0,0,0,107,0,1072015-11-08,20,Leeds,Commercial Street at Barratts,,Sunday,2015,4,November,44,70,0,70,0,0,0,70,0,702015-11-08,20,Leeds,Headrow,,Sunday,2015,4,November,44,124,0,124,0,0,0,124,0,1242015-11-08,20,Leeds,"Dortmund Square	",,Sunday,2015,4,November,44,176,0,176,0,0,0,176,0,1762015-11-08,20,Leeds,Albion Street South,,Sunday,2015,4,November,44,172,0,172,0,0,0,172,0,1722015-11-08,20,Leeds,Albion Street North,,Sunday,2015,4,November,44,80,0,80,0,0,0,80,0,802015-11-08,21,Leeds,Briggate,,Sunday,2015,4,November,44,149,0,149,0,0,0,149,0,1492015-11-08,21,Leeds,"Briggate at McDonalds	",,Sunday,2015,4,November,44,173,0,173,0,0,0,173,0,1732015-11-08,21,Leeds,Commercial Street at Sharps,,Sunday,2015,4,November,44,102,0,102,0,0,0,102,0,1022015-11-08,21,Leeds,Commercial Street at Barratts,,Sunday,2015,4,November,44,100,0,100,0,0,0,100,0,1002015-11-08,21,Leeds,Headrow,,Sunday,2015,4,November,44,123,0,123,0,0,0,123,0,1232015-11-08,21,Leeds,"Dortmund Square	",,Sunday,2015,4,November,44,173,0,173,0,0,0,173,0,1732015-11-08,21,Leeds,Albion Street South,,Sunday,2015,4,November,44,124,0,124,0,0,0,124,0,1242015-11-08,21,Leeds,Albion Street North,,Sunday,2015,4,November,44,38,0,38,0,0,0,38,0,382015-11-08,22,Leeds,Briggate,,Sunday,2015,4,November,44,125,0,125,0,0,0,125,0,1252015-11-08,22,Leeds,"Briggate at McDonalds	",,Sunday,2015,4,November,44,127,0,127,0,0,0,127,0,1272015-11-08,22,Leeds,Commercial Street at Sharps,,Sunday,2015,4,November,44,95,0,95,0,0,0,95,0,952015-11-08,22,Leeds,Commercial Street at Barratts,,Sunday,2015,4,November,44,70,0,70,0,0,0,70,0,702015-11-08,22,Leeds,Headrow,,Sunday,2015,4,November,44,102,0,102,0,0,0,102,0,1022015-11-08,22,Leeds,"Dortmund Square	",,Sunday,2015,4,November,44,159,0,159,0,0,0,159,0,1592015-11-08,22,Leeds,Albion Street South,,Sunday,2015,4,November,44,116,0,116,0,0,0,116,0,1162015-11-08,22,Leeds,Albion Street North,,Sunday,2015,4,November,44,32,0,32,0,0,0,32,0,322015-11-08,23,Leeds,Briggate,,Sunday,2015,4,November,44,91,0,91,0,0,0,91,0,912015-11-08,23,Leeds,"Briggate at McDonalds	",,Sunday,2015,4,November,44,93,0,93,0,0,0,93,0,932015-11-08,23,Leeds,Commercial Street at Sharps,,Sunday,2015,4,November,44,40,0,40,0,0,0,40,0,402015-11-08,23,Leeds,Commercial Street at Barratts,,Sunday,2015,4,November,44,28,0,28,0,0,0,28,0,282015-11-08,23,Leeds,Headrow,,Sunday,2015,4,November,44,64,0,64,0,0,0,64,0,642015-11-08,23,Leeds,"Dortmund Square	",,Sunday,2015,4,November,44,91,0,91,0,0,0,91,0,912015-11-08,23,Leeds,Albion Street South,,Sunday,2015,4,November,44,50,0,50,0,0,0,50,0,502015-11-08,23,Leeds,Albion Street North,,Sunday,2015,4,November,44,12,0,12,0,0,0,12,0,122015-11-09,0,Leeds,Briggate,,Monday,2015,4,November,45,66,0,66,0,0,0,66,0,662015-11-09,0,Leeds,"Briggate at McDonalds	",,Monday,2015,4,November,45,58,0,58,0,0,0,58,0,582015-11-09,0,Leeds,Commercial Street at Sharps,,Monday,2015,4,November,45,19,0,19,0,0,0,19,0,192015-11-09,0,Leeds,Commercial Street at Barratts,,Monday,2015,4,November,45,23,0,23,0,0,0,23,0,232015-11-09,0,Leeds,Headrow,,Monday,2015,4,November,45,39,0,39,0,0,0,39,0,392015-11-09,0,Leeds,"Dortmund Square	",,Monday,2015,4,November,45,68,0,68,0,0,0,68,0,682015-11-09,0,Leeds,Albion Street South,,Monday,2015,4,November,45,23,0,23,0,0,0,23,0,232015-11-09,0,Leeds,Albion Street North,,Monday,2015,4,November,45,9,0,9,0,0,0,9,0,92015-11-09,1,Leeds,Briggate,,Monday,2015,4,November,45,40,0,40,0,0,0,40,0,402015-11-09,1,Leeds,"Briggate at McDonalds	",,Monday,2015,4,November,45,30,0,30,0,0,0,30,0,302015-11-09,1,Leeds,Commercial Street at Sharps,,Monday,2015,4,November,45,20,0,20,0,0,0,20,0,202015-11-09,1,Leeds,Commercial Street at Barratts,,Monday,2015,4,November,45,1,0,1,0,0,0,1,0,12015-11-09,1,Leeds,Headrow,,Monday,2015,4,November,45,20,0,20,0,0,0,20,0,202015-11-09,1,Leeds,"Dortmund Square	",,Monday,2015,4,November,45,25,0,25,0,0,0,25,0,252015-11-09,1,Leeds,Albion Street South,,Monday,2015,4,November,45,13,0,13,0,0,0,13,0,132015-11-09,1,Leeds,Albion Street North,,Monday,2015,4,November,45,4,0,4,0,0,0,4,0,42015-11-09,2,Leeds,Briggate,,Monday,2015,4,November,45,28,0,28,0,0,0,28,0,282015-11-09,2,Leeds,"Briggate at McDonalds	",,Monday,2015,4,November,45,23,0,23,0,0,0,23,0,232015-11-09,2,Leeds,Commercial Street at Sharps,,Monday,2015,4,November,45,17,0,17,0,0,0,17,0,172015-11-09,2,Leeds,Commercial Street at Barratts,,Monday,2015,4,November,45,0,0,0,0,0,0,0,0,02015-11-09,2,Leeds,Headrow,,Monday,2015,4,November,45,10,0,10,0,0,0,10,0,102015-11-09,2,Leeds,"Dortmund Square	",,Monday,2015,4,November,45,20,0,20,0,0,0,20,0,202015-11-09,2,Leeds,Albion Street South,,Monday,2015,4,November,45,9,0,9,0,0,0,9,0,92015-11-09,2,Leeds,Albion Street North,,Monday,2015,4,November,45,0,0,0,0,0,0,0,0,02015-11-09,3,Leeds,Briggate,,Monday,2015,4,November,45,13,0,13,0,0,0,13,0,132015-11-09,3,Leeds,"Briggate at McDonalds	",,Monday,2015,4,November,45,8,0,8,0,0,0,8,0,82015-11-09,3,Leeds,Commercial Street at Sharps,,Monday,2015,4,November,45,6,0,6,0,0,0,6,0,62015-11-09,3,Leeds,Commercial Street at Barratts,,Monday,2015,4,November,45,0,0,0,0,0,0,0,0,02015-11-09,3,Leeds,Headrow,,Monday,2015,4,November,45,3,0,3,0,0,0,3,0,32015-11-09,3,Leeds,"Dortmund Square	",,Monday,2015,4,November,45,21,0,21,0,0,0,21,0,212015-11-09,3,Leeds,Albion Street South,,Monday,2015,4,November,45,7,0,7,0,0,0,7,0,72015-11-09,3,Leeds,Albion Street North,,Monday,2015,4,November,45,1,0,1,0,0,0,1,0,12015-11-09,4,Leeds,Briggate,,Monday,2015,4,November,45,24,0,24,0,0,0,24,0,242015-11-09,4,Leeds,"Briggate at McDonalds	",,Monday,2015,4,November,45,17,0,17,0,0,0,17,0,172015-11-09,4,Leeds,Commercial Street at Sharps,,Monday,2015,4,November,45,15,0,15,0,0,0,15,0,152015-11-09,4,Leeds,Commercial Street at Barratts,,Monday,2015,4,November,45,1,0,1,0,0,0,1,0,12015-11-09,4,Leeds,Headrow,,Monday,2015,4,November,45,6,0,6,0,0,0,6,0,62015-11-09,4,Leeds,"Dortmund Square	",,Monday,2015,4,November,45,6,0,6,0,0,0,6,0,62015-11-09,4,Leeds,Albion Street South,,Monday,2015,4,November,45,5,0,5,0,0,0,5,0,52015-11-09,4,Leeds,Albion Street North,,Monday,2015,4,November,45,3,0,3,0,0,0,3,0,32015-11-09,5,Leeds,Briggate,,Monday,2015,4,November,45,56,0,56,0,0,0,56,0,562015-11-09,5,Leeds,"Briggate at McDonalds	",,Monday,2015,4,November,45,42,0,42,0,0,0,42,0,422015-11-09,5,Leeds,Commercial Street at Sharps,,Monday,2015,4,November,45,59,0,59,0,0,0,59,0,592015-11-09,5,Leeds,Commercial Street at Barratts,,Monday,2015,4,November,45,23,0,23,0,0,0,23,0,232015-11-09,5,Leeds,Headrow,,Monday,2015,4,November,45,30,0,30,0,0,0,30,0,302015-11-09,5,Leeds,"Dortmund Square	",,Monday,2015,4,November,45,32,0,32,0,0,0,32,0,322015-11-09,5,Leeds,Albion Street South,,Monday,2015,4,November,45,53,0,53,0,0,0,53,0,532015-11-09,5,Leeds,Albion Street North,,Monday,2015,4,November,45,18,0,18,0,0,0,18,0,182015-11-09,6,Leeds,Briggate,,Monday,2015,4,November,45,126,0,126,0,0,0,126,0,1262015-11-09,6,Leeds,"Briggate at McDonalds	",,Monday,2015,4,November,45,128,0,128,0,0,0,128,0,1282015-11-09,6,Leeds,Commercial Street at Sharps,,Monday,2015,4,November,45,132,0,132,0,0,0,132,0,1322015-11-09,6,Leeds,Commercial Street at Barratts,,Monday,2015,4,November,45,97,0,97,0,0,0,97,0,972015-11-09,6,Leeds,Headrow,,Monday,2015,4,November,45,89,0,89,0,0,0,89,0,892015-11-09,6,Leeds,"Dortmund Square	",,Monday,2015,4,November,45,111,0,111,0,0,0,111,0,1112015-11-09,6,Leeds,Albion Street South,,Monday,2015,4,November,45,52,0,52,0,0,0,52,0,522015-11-09,6,Leeds,Albion Street North,,Monday,2015,4,November,45,29,0,29,0,0,0,29,0,292015-11-09,7,Leeds,Briggate,,Monday,2015,4,November,45,430,0,430,0,0,0,430,0,4302015-11-09,7,Leeds,"Briggate at McDonalds	",,Monday,2015,4,November,45,273,0,273,0,0,0,273,0,2732015-11-09,7,Leeds,Commercial Street at Sharps,,Monday,2015,4,November,45,273,0,273,0,0,0,273,0,2732015-11-09,7,Leeds,Commercial Street at Barratts,,Monday,2015,4,November,45,223,0,223,0,0,0,223,0,2232015-11-09,7,Leeds,Headrow,,Monday,2015,4,November,45,209,0,209,0,0,0,209,0,2092015-11-09,7,Leeds,"Dortmund Square	",,Monday,2015,4,November,45,464,0,464,0,0,0,464,0,4642015-11-09,7,Leeds,Albion Street South,,Monday,2015,4,November,45,274,0,274,0,0,0,274,0,2742015-11-09,7,Leeds,Albion Street North,,Monday,2015,4,November,45,232,0,232,0,0,0,232,0,2322015-11-09,8,Leeds,Briggate,,Monday,2015,4,November,45,978,0,978,0,0,0,978,0,9782015-11-09,8,Leeds,"Briggate at McDonalds	",,Monday,2015,4,November,45,578,0,578,0,0,0,578,0,5782015-11-09,8,Leeds,Commercial Street at Sharps,,Monday,2015,4,November,45,803,0,803,0,0,0,803,0,8032015-11-09,8,Leeds,Commercial Street at Barratts,,Monday,2015,4,November,45,487,0,487,0,0,0,487,0,4872015-11-09,8,Leeds,Headrow,,Monday,2015,4,November,45,490,0,490,0,0,0,490,0,4902015-11-09,8,Leeds,"Dortmund Square	",,Monday,2015,4,November,45,1086,0,1086,0,0,0,1086,0,10862015-11-09,8,Leeds,Albion Street South,,Monday,2015,4,November,45,722,0,722,0,0,0,722,0,7222015-11-09,8,Leeds,Albion Street North,,Monday,2015,4,November,45,636,0,636,0,0,0,636,0,6362015-11-09,9,Leeds,Briggate,,Monday,2015,4,November,45,985,0,985,0,0,0,985,0,9852015-11-09,9,Leeds,"Briggate at McDonalds	",,Monday,2015,4,November,45,611,0,611,0,0,0,611,0,6112015-11-09,9,Leeds,Commercial Street at Sharps,,Monday,2015,4,November,45,857,0,857,0,0,0,857,0,8572015-11-09,9,Leeds,Commercial Street at Barratts,,Monday,2015,4,November,45,549,0,549,0,0,0,549,0,5492015-11-09,9,Leeds,Headrow,,Monday,2015,4,November,45,517,0,517,0,0,0,517,0,5172015-11-09,9,Leeds,"Dortmund Square	",,Monday,2015,4,November,45,1047,0,1047,0,0,0,1047,0,10472015-11-09,9,Leeds,Albion Street South,,Monday,2015,4,November,45,489,0,489,0,0,0,489,0,4892015-11-09,9,Leeds,Albion Street North,,Monday,2015,4,November,45,445,0,445,0,0,0,445,0,4452015-11-09,10,Leeds,Briggate,,Monday,2015,4,November,45,1370,0,1370,0,0,0,1370,0,13702015-11-09,10,Leeds,"Briggate at McDonalds	",,Monday,2015,4,November,45,688,0,688,0,0,0,688,0,6882015-11-09,10,Leeds,Commercial Street at Sharps,,Monday,2015,4,November,45,1230,0,1230,0,0,0,1230,0,12302015-11-09,10,Leeds,Commercial Street at Barratts,,Monday,2015,4,November,45,837,0,837,0,0,0,837,0,8372015-11-09,10,Leeds,Headrow,,Monday,2015,4,November,45,689,0,689,0,0,0,689,0,6892015-11-09,10,Leeds,"Dortmund Square	",,Monday,2015,4,November,45,1100,0,1100,0,0,0,1100,0,11002015-11-09,10,Leeds,Albion Street South,,Monday,2015,4,November,45,730,0,730,0,0,0,730,0,7302015-11-09,10,Leeds,Albion Street North,,Monday,2015,4,November,45,784,0,784,0,0,0,784,0,7842015-11-09,11,Leeds,Briggate,,Monday,2015,4,November,45,1596,0,1596,0,0,0,1596,0,15962015-11-09,11,Leeds,"Briggate at McDonalds	",,Monday,2015,4,November,45,830,0,830,0,0,0,830,0,8302015-11-09,11,Leeds,Commercial Street at Sharps,,Monday,2015,4,November,45,1429,0,1429,0,0,0,1429,0,14292015-11-09,11,Leeds,Commercial Street at Barratts,,Monday,2015,4,November,45,1221,0,1221,0,0,0,1221,0,12212015-11-09,11,Leeds,Headrow,,Monday,2015,4,November,45,1641,0,1641,0,0,0,1641,0,16412015-11-09,11,Leeds,"Dortmund Square	",,Monday,2015,4,November,45,1387,0,1387,0,0,0,1387,0,13872015-11-09,11,Leeds,Albion Street South,,Monday,2015,4,November,45,1475,0,1475,0,0,0,1475,0,14752015-11-09,11,Leeds,Albion Street North,,Monday,2015,4,November,45,1286,0,1286,0,0,0,1286,0,12862015-11-09,12,Leeds,Briggate,,Monday,2015,4,November,45,3340,0,3340,0,0,0,3340,0,33402015-11-09,12,Leeds,"Briggate at McDonalds	",,Monday,2015,4,November,45,1327,0,1327,0,0,0,1327,0,13272015-11-09,12,Leeds,Commercial Street at Sharps,,Monday,2015,4,November,45,2971,0,2971,0,0,0,2971,0,29712015-11-09,12,Leeds,Commercial Street at Barratts,,Monday,2015,4,November,45,2106,0,2106,0,0,0,2106,0,21062015-11-09,12,Leeds,Headrow,,Monday,2015,4,November,45,2486,0,2486,0,0,0,2486,0,24862015-11-09,12,Leeds,"Dortmund Square	",,Monday,2015,4,November,45,2416,0,2416,0,0,0,2416,0,24162015-11-09,12,Leeds,Albion Street South,,Monday,2015,4,November,45,2930,0,2930,0,0,0,2930,0,29302015-11-09,12,Leeds,Albion Street North,,Monday,2015,4,November,45,2079,0,2079,0,0,0,2079,0,20792015-11-09,13,Leeds,Briggate,,Monday,2015,4,November,45,3299,0,3299,0,0,0,3299,0,32992015-11-09,13,Leeds,"Briggate at McDonalds	",,Monday,2015,4,November,45,1323,0,1323,0,0,0,1323,0,13232015-11-09,13,Leeds,Commercial Street at Sharps,,Monday,2015,4,November,45,3275,0,3275,0,0,0,3275,0,32752015-11-09,13,Leeds,Commercial Street at Barratts,,Monday,2015,4,November,45,1996,0,1996,0,0,0,1996,0,19962015-11-09,13,Leeds,Headrow,,Monday,2015,4,November,45,1759,0,1759,0,0,0,1759,0,17592015-11-09,13,Leeds,"Dortmund Square	",,Monday,2015,4,November,45,2217,0,2217,0,0,0,2217,0,22172015-11-09,13,Leeds,Albion Street South,,Monday,2015,4,November,45,2436,0,2436,0,0,0,2436,0,24362015-11-09,13,Leeds,Albion Street North,,Monday,2015,4,November,45,1799,0,1799,0,0,0,1799,0,17992015-11-09,14,Leeds,Briggate,,Monday,2015,4,November,45,2475,0,2475,0,0,0,2475,0,24752015-11-09,14,Leeds,"Briggate at McDonalds	",,Monday,2015,4,November,45,1140,0,1140,0,0,0,1140,0,11402015-11-09,14,Leeds,Commercial Street at Sharps,,Monday,2015,4,November,45,2144,0,2144,0,0,0,2144,0,21442015-11-09,14,Leeds,Commercial Street at Barratts,,Monday,2015,4,November,45,1532,0,1532,0,0,0,1532,0,15322015-11-09,14,Leeds,Headrow,,Monday,2015,4,November,45,1375,0,1375,0,0,0,1375,0,13752015-11-09,14,Leeds,"Dortmund Square	",,Monday,2015,4,November,45,1540,0,1540,0,0,0,1540,0,15402015-11-09,14,Leeds,Albion Street South,,Monday,2015,4,November,45,1892,0,1892,0,0,0,1892,0,18922015-11-09,14,Leeds,Albion Street North,,Monday,2015,4,November,45,1354,0,1354,0,0,0,1354,0,13542015-11-09,15,Leeds,Briggate,,Monday,2015,4,November,45,2385,0,2385,0,0,0,2385,0,23852015-11-09,15,Leeds,"Briggate at McDonalds	",,Monday,2015,4,November,45,1162,0,1162,0,0,0,1162,0,11622015-11-09,15,Leeds,Commercial Street at Sharps,,Monday,2015,4,November,45,2074,0,2074,0,0,0,2074,0,20742015-11-09,15,Leeds,Commercial Street at Barratts,,Monday,2015,4,November,45,1138,0,1138,0,0,0,1138,0,11382015-11-09,15,Leeds,Headrow,,Monday,2015,4,November,45,1453,0,1453,0,0,0,1453,0,14532015-11-09,15,Leeds,"Dortmund Square	",,Monday,2015,4,November,45,1723,0,1723,0,0,0,1723,0,17232015-11-09,15,Leeds,Albion Street South,,Monday,2015,4,November,45,1749,0,1749,0,0,0,1749,0,17492015-11-09,15,Leeds,Albion Street North,,Monday,2015,4,November,45,1194,0,1194,0,0,0,1194,0,11942015-11-09,16,Leeds,Briggate,,Monday,2015,4,November,45,1962,0,1962,0,0,0,1962,0,19622015-11-09,16,Leeds,"Briggate at McDonalds	",,Monday,2015,4,November,45,1264,0,1264,0,0,0,1264,0,12642015-11-09,16,Leeds,Commercial Street at Sharps,,Monday,2015,4,November,45,2155,0,2155,0,0,0,2155,0,21552015-11-09,16,Leeds,Commercial Street at Barratts,,Monday,2015,4,November,45,1328,0,1328,0,0,0,1328,0,13282015-11-09,16,Leeds,Headrow,,Monday,2015,4,November,45,1940,0,1940,0,0,0,1940,0,19402015-11-09,16,Leeds,"Dortmund Square	",,Monday,2015,4,November,45,2246,0,2246,0,0,0,2246,0,22462015-11-09,16,Leeds,Albion Street South,,Monday,2015,4,November,45,2045,0,2045,0,0,0,2045,0,20452015-11-09,16,Leeds,Albion Street North,,Monday,2015,4,November,45,1218,0,1218,0,0,0,1218,0,12182015-11-09,17,Leeds,Briggate,,Monday,2015,4,November,45,1324,0,1324,0,0,0,1324,0,13242015-11-09,17,Leeds,"Briggate at McDonalds	",,Monday,2015,4,November,45,1197,0,1197,0,0,0,1197,0,11972015-11-09,17,Leeds,Commercial Street at Sharps,,Monday,2015,4,November,45,1842,0,1842,0,0,0,1842,0,18422015-11-09,17,Leeds,Commercial Street at Barratts,,Monday,2015,4,November,45,1150,0,1150,0,0,0,1150,0,11502015-11-09,17,Leeds,Headrow,,Monday,2015,4,November,45,1412,0,1412,0,0,0,1412,0,14122015-11-09,17,Leeds,"Dortmund Square	",,Monday,2015,4,November,45,2073,0,2073,0,0,0,2073,0,20732015-11-09,17,Leeds,Albion Street South,,Monday,2015,4,November,45,1835,0,1835,0,0,0,1835,0,18352015-11-09,17,Leeds,Albion Street North,,Monday,2015,4,November,45,916,0,916,0,0,0,916,0,9162015-11-09,18,Leeds,Briggate,,Monday,2015,4,November,45,770,0,770,0,0,0,770,0,7702015-11-09,18,Leeds,"Briggate at McDonalds	",,Monday,2015,4,November,45,781,0,781,0,0,0,781,0,7812015-11-09,18,Leeds,Commercial Street at Sharps,,Monday,2015,4,November,45,943,0,943,0,0,0,943,0,9432015-11-09,18,Leeds,Commercial Street at Barratts,,Monday,2015,4,November,45,594,0,594,0,0,0,594,0,5942015-11-09,18,Leeds,Headrow,,Monday,2015,4,November,45,801,0,801,0,0,0,801,0,8012015-11-09,18,Leeds,"Dortmund Square	",,Monday,2015,4,November,45,1223,0,1223,0,0,0,1223,0,12232015-11-09,18,Leeds,Albion Street South,,Monday,2015,4,November,45,856,0,856,0,0,0,856,0,8562015-11-09,18,Leeds,Albion Street North,,Monday,2015,4,November,45,397,0,397,0,0,0,397,0,3972015-11-09,19,Leeds,Briggate,,Monday,2015,4,November,45,376,0,376,0,0,0,376,0,3762015-11-09,19,Leeds,"Briggate at McDonalds	",,Monday,2015,4,November,45,540,0,540,0,0,0,540,0,5402015-11-09,19,Leeds,Commercial Street at Sharps,,Monday,2015,4,November,45,433,0,433,0,0,0,433,0,4332015-11-09,19,Leeds,Commercial Street at Barratts,,Monday,2015,4,November,45,263,0,263,0,0,0,263,0,2632015-11-09,19,Leeds,Headrow,,Monday,2015,4,November,45,495,0,495,0,0,0,495,0,4952015-11-09,19,Leeds,"Dortmund Square	",,Monday,2015,4,November,45,764,0,764,0,0,0,764,0,7642015-11-09,19,Leeds,Albion Street South,,Monday,2015,4,November,45,394,0,394,0,0,0,394,0,3942015-11-09,19,Leeds,Albion Street North,,Monday,2015,4,November,45,192,0,192,0,0,0,192,0,1922015-11-09,20,Leeds,Briggate,,Monday,2015,4,November,45,272,0,272,0,0,0,272,0,2722015-11-09,20,Leeds,"Briggate at McDonalds	",,Monday,2015,4,November,45,356,0,356,0,0,0,356,0,3562015-11-09,20,Leeds,Commercial Street at Sharps,,Monday,2015,4,November,45,281,0,281,0,0,0,281,0,2812015-11-09,20,Leeds,Commercial Street at Barratts,,Monday,2015,4,November,45,174,0,174,0,0,0,174,0,1742015-11-09,20,Leeds,Headrow,,Monday,2015,4,November,45,345,0,345,0,0,0,345,0,3452015-11-09,20,Leeds,"Dortmund Square	",,Monday,2015,4,November,45,502,0,502,0,0,0,502,0,5022015-11-09,20,Leeds,Albion Street South,,Monday,2015,4,November,45,228,0,228,0,0,0,228,0,2282015-11-09,20,Leeds,Albion Street North,,Monday,2015,4,November,45,117,0,117,0,0,0,117,0,1172015-11-09,21,Leeds,Briggate,,Monday,2015,4,November,45,183,0,183,0,0,0,183,0,1832015-11-09,21,Leeds,"Briggate at McDonalds	",,Monday,2015,4,November,45,222,0,222,0,0,0,222,0,2222015-11-09,21,Leeds,Commercial Street at Sharps,,Monday,2015,4,November,45,118,0,118,0,0,0,118,0,1182015-11-09,21,Leeds,Commercial Street at Barratts,,Monday,2015,4,November,45,153,0,153,0,0,0,153,0,1532015-11-09,21,Leeds,Headrow,,Monday,2015,4,November,45,233,0,233,0,0,0,233,0,2332015-11-09,21,Leeds,"Dortmund Square	",,Monday,2015,4,November,45,338,0,338,0,0,0,338,0,3382015-11-09,21,Leeds,Albion Street South,,Monday,2015,4,November,45,135,0,135,0,0,0,135,0,1352015-11-09,21,Leeds,Albion Street North,,Monday,2015,4,November,45,65,0,65,0,0,0,65,0,652015-11-09,22,Leeds,Briggate,,Monday,2015,4,November,45,153,0,153,0,0,0,153,0,1532015-11-09,22,Leeds,"Briggate at McDonalds	",,Monday,2015,4,November,45,219,0,219,0,0,0,219,0,2192015-11-09,22,Leeds,Commercial Street at Sharps,,Monday,2015,4,November,45,123,0,123,0,0,0,123,0,1232015-11-09,22,Leeds,Commercial Street at Barratts,,Monday,2015,4,November,45,105,0,105,0,0,0,105,0,1052015-11-09,22,Leeds,Headrow,,Monday,2015,4,November,45,171,0,171,0,0,0,171,0,1712015-11-09,22,Leeds,"Dortmund Square	",,Monday,2015,4,November,45,254,0,254,0,0,0,254,0,2542015-11-09,22,Leeds,Albion Street South,,Monday,2015,4,November,45,117,0,117,0,0,0,117,0,1172015-11-09,22,Leeds,Albion Street North,,Monday,2015,4,November,45,64,0,64,0,0,0,64,0,642015-11-09,23,Leeds,Briggate,,Monday,2015,4,November,45,133,0,133,0,0,0,133,0,1332015-11-09,23,Leeds,"Briggate at McDonalds	",,Monday,2015,4,November,45,127,0,127,0,0,0,127,0,1272015-11-09,23,Leeds,Commercial Street at Sharps,,Monday,2015,4,November,45,72,0,72,0,0,0,72,0,722015-11-09,23,Leeds,Commercial Street at Barratts,,Monday,2015,4,November,45,37,0,37,0,0,0,37,0,372015-11-09,23,Leeds,Headrow,,Monday,2015,4,November,45,159,0,159,0,0,0,159,0,1592015-11-09,23,Leeds,"Dortmund Square	",,Monday,2015,4,November,45,167,0,167,0,0,0,167,0,1672015-11-09,23,Leeds,Albion Street South,,Monday,2015,4,November,45,74,0,74,0,0,0,74,0,742015-11-09,23,Leeds,Albion Street North,,Monday,2015,4,November,45,32,0,32,0,0,0,32,0,322015-11-10,0,Leeds,Briggate,,Tuesday,2015,4,November,45,112,0,112,0,0,0,112,0,1122015-11-10,0,Leeds,"Briggate at McDonalds	",,Tuesday,2015,4,November,45,160,0,160,0,0,0,160,0,1602015-11-10,0,Leeds,Commercial Street at Sharps,,Tuesday,2015,4,November,45,31,0,31,0,0,0,31,0,312015-11-10,0,Leeds,Commercial Street at Barratts,,Tuesday,2015,4,November,45,0,0,0,0,0,0,0,0,02015-11-10,0,Leeds,Headrow,,Tuesday,2015,4,November,45,240,0,240,0,0,0,240,0,2402015-11-10,0,Leeds,"Dortmund Square	",,Tuesday,2015,4,November,45,151,0,151,0,0,0,151,0,1512015-11-10,0,Leeds,Albion Street South,,Tuesday,2015,4,November,45,61,0,61,0,0,0,61,0,612015-11-10,0,Leeds,Albion Street North,,Tuesday,2015,4,November,45,11,0,11,0,0,0,11,0,112015-11-10,1,Leeds,Briggate,,Tuesday,2015,4,November,45,97,0,97,0,0,0,97,0,972015-11-10,1,Leeds,"Briggate at McDonalds	",,Tuesday,2015,4,November,45,80,0,80,0,0,0,80,0,802015-11-10,1,Leeds,Commercial Street at Sharps,,Tuesday,2015,4,November,45,29,0,29,0,0,0,29,0,292015-11-10,1,Leeds,Commercial Street at Barratts,,Tuesday,2015,4,November,45,0,0,0,0,0,0,0,0,02015-11-10,1,Leeds,Headrow,,Tuesday,2015,4,November,45,43,0,43,0,0,0,43,0,432015-11-10,1,Leeds,"Dortmund Square	",,Tuesday,2015,4,November,45,106,0,106,0,0,0,106,0,1062015-11-10,1,Leeds,Albion Street South,,Tuesday,2015,4,November,45,42,0,42,0,0,0,42,0,422015-11-10,1,Leeds,Albion Street North,,Tuesday,2015,4,November,45,5,0,5,0,0,0,5,0,52015-11-10,2,Leeds,Briggate,,Tuesday,2015,4,November,45,73,0,73,0,0,0,73,0,732015-11-10,2,Leeds,"Briggate at McDonalds	",,Tuesday,2015,4,November,45,73,0,73,0,0,0,73,0,732015-11-10,2,Leeds,Commercial Street at Sharps,,Tuesday,2015,4,November,45,13,0,13,0,0,0,13,0,132015-11-10,2,Leeds,Commercial Street at Barratts,,Tuesday,2015,4,November,45,0,0,0,0,0,0,0,0,02015-11-10,2,Leeds,Headrow,,Tuesday,2015,4,November,45,47,0,47,0,0,0,47,0,472015-11-10,2,Leeds,"Dortmund Square	",,Tuesday,2015,4,November,45,80,0,80,0,0,0,80,0,802015-11-10,2,Leeds,Albion Street South,,Tuesday,2015,4,November,45,14,0,14,0,0,0,14,0,142015-11-10,2,Leeds,Albion Street North,,Tuesday,2015,4,November,45,6,0,6,0,0,0,6,0,62015-11-10,3,Leeds,Briggate,,Tuesday,2015,4,November,45,64,0,64,0,0,0,64,0,642015-11-10,3,Leeds,"Briggate at McDonalds	",,Tuesday,2015,4,November,45,55,0,55,0,0,0,55,0,552015-11-10,3,Leeds,Commercial Street at Sharps,,Tuesday,2015,4,November,45,20,0,20,0,0,0,20,0,202015-11-10,3,Leeds,Commercial Street at Barratts,,Tuesday,2015,4,November,45,0,0,0,0,0,0,0,0,02015-11-10,3,Leeds,Headrow,,Tuesday,2015,4,November,45,42,0,42,0,0,0,42,0,422015-11-10,3,Leeds,"Dortmund Square	",,Tuesday,2015,4,November,45,95,0,95,0,0,0,95,0,952015-11-10,3,Leeds,Albion Street South,,Tuesday,2015,4,November,45,52,0,52,0,0,0,52,0,522015-11-10,3,Leeds,Albion Street North,,Tuesday,2015,4,November,45,5,0,5,0,0,0,5,0,52015-11-10,4,Leeds,Briggate,,Tuesday,2015,4,November,45,55,0,55,0,0,0,55,0,552015-11-10,4,Leeds,"Briggate at McDonalds	",,Tuesday,2015,4,November,45,36,0,36,0,0,0,36,0,362015-11-10,4,Leeds,Commercial Street at Sharps,,Tuesday,2015,4,November,45,24,0,24,0,0,0,24,0,242015-11-10,4,Leeds,Commercial Street at Barratts,,Tuesday,2015,4,November,45,0,0,0,0,0,0,0,0,02015-11-10,4,Leeds,Headrow,,Tuesday,2015,4,November,45,19,0,19,0,0,0,19,0,192015-11-10,4,Leeds,"Dortmund Square	",,Tuesday,2015,4,November,45,54,0,54,0,0,0,54,0,542015-11-10,4,Leeds,Albion Street South,,Tuesday,2015,4,November,45,54,0,54,0,0,0,54,0,542015-11-10,4,Leeds,Albion Street North,,Tuesday,2015,4,November,45,12,0,12,0,0,0,12,0,122015-11-10,5,Leeds,Briggate,,Tuesday,2015,4,November,45,55,0,55,0,0,0,55,0,552015-11-10,5,Leeds,"Briggate at McDonalds	",,Tuesday,2015,4,November,45,51,0,51,0,0,0,51,0,512015-11-10,5,Leeds,Commercial Street at Sharps,,Tuesday,2015,4,November,45,52,0,52,0,0,0,52,0,522015-11-10,5,Leeds,Commercial Street at Barratts,,Tuesday,2015,4,November,45,0,0,0,0,0,0,0,0,02015-11-10,5,Leeds,Headrow,,Tuesday,2015,4,November,45,34,0,34,0,0,0,34,0,342015-11-10,5,Leeds,"Dortmund Square	",,Tuesday,2015,4,November,45,27,0,27,0,0,0,27,0,272015-11-10,5,Leeds,Albion Street South,,Tuesday,2015,4,November,45,79,0,79,0,0,0,79,0,792015-11-10,5,Leeds,Albion Street North,,Tuesday,2015,4,November,45,22,0,22,0,0,0,22,0,222015-11-10,6,Leeds,Briggate,,Tuesday,2015,4,November,45,129,0,129,0,0,0,129,0,1292015-11-10,6,Leeds,"Briggate at McDonalds	",,Tuesday,2015,4,November,45,160,0,160,0,0,0,160,0,1602015-11-10,6,Leeds,Commercial Street at Sharps,,Tuesday,2015,4,November,45,89,0,89,0,0,0,89,0,892015-11-10,6,Leeds,Commercial Street at Barratts,,Tuesday,2015,4,November,45,75,0,75,0,0,0,75,0,752015-11-10,6,Leeds,Headrow,,Tuesday,2015,4,November,45,80,0,80,0,0,0,80,0,802015-11-10,6,Leeds,"Dortmund Square	",,Tuesday,2015,4,November,45,128,0,128,0,0,0,128,0,1282015-11-10,6,Leeds,Albion Street South,,Tuesday,2015,4,November,45,96,0,96,0,0,0,96,0,962015-11-10,6,Leeds,Albion Street North,,Tuesday,2015,4,November,45,44,0,44,0,0,0,44,0,442015-11-10,7,Leeds,Briggate,,Tuesday,2015,4,November,45,476,0,476,0,0,0,476,0,4762015-11-10,7,Leeds,"Briggate at McDonalds	",,Tuesday,2015,4,November,45,297,0,297,0,0,0,297,0,2972015-11-10,7,Leeds,Commercial Street at Sharps,,Tuesday,2015,4,November,45,352,0,352,0,0,0,352,0,3522015-11-10,7,Leeds,Commercial Street at Barratts,,Tuesday,2015,4,November,45,303,0,303,0,0,0,303,0,3032015-11-10,7,Leeds,Headrow,,Tuesday,2015,4,November,45,279,0,279,0,0,0,279,0,2792015-11-10,7,Leeds,"Dortmund Square	",,Tuesday,2015,4,November,45,488,0,488,0,0,0,488,0,4882015-11-10,7,Leeds,Albion Street South,,Tuesday,2015,4,November,45,423,0,423,0,0,0,423,0,4232015-11-10,7,Leeds,Albion Street North,,Tuesday,2015,4,November,45,299,0,299,0,0,0,299,0,2992015-11-10,8,Leeds,Briggate,,Tuesday,2015,4,November,45,1009,0,1009,0,0,0,1009,0,10092015-11-10,8,Leeds,"Briggate at McDonalds	",,Tuesday,2015,4,November,45,587,0,587,0,0,0,587,0,5872015-11-10,8,Leeds,Commercial Street at Sharps,,Tuesday,2015,4,November,45,816,0,816,0,0,0,816,0,8162015-11-10,8,Leeds,Commercial Street at Barratts,,Tuesday,2015,4,November,45,747,0,747,0,0,0,747,0,7472015-11-10,8,Leeds,Headrow,,Tuesday,2015,4,November,45,602,0,602,0,0,0,602,0,6022015-11-10,8,Leeds,"Dortmund Square	",,Tuesday,2015,4,November,45,1285,0,1285,0,0,0,1285,0,12852015-11-10,8,Leeds,Albion Street South,,Tuesday,2015,4,November,45,1087,0,1087,0,0,0,1087,0,10872015-11-10,8,Leeds,Albion Street North,,Tuesday,2015,4,November,45,713,0,713,0,0,0,713,0,7132015-11-10,9,Leeds,Briggate,,Tuesday,2015,4,November,45,1073,0,1073,0,0,0,1073,0,10732015-11-10,9,Leeds,"Briggate at McDonalds	",,Tuesday,2015,4,November,45,689,0,689,0,0,0,689,0,6892015-11-10,9,Leeds,Commercial Street at Sharps,,Tuesday,2015,4,November,45,829,0,829,0,0,0,829,0,8292015-11-10,9,Leeds,Commercial Street at Barratts,,Tuesday,2015,4,November,45,700,0,700,0,0,0,700,0,7002015-11-10,9,Leeds,Headrow,,Tuesday,2015,4,November,45,769,0,769,0,0,0,769,0,7692015-11-10,9,Leeds,"Dortmund Square	",,Tuesday,2015,4,November,45,1000,0,1000,0,0,0,1000,0,10002015-11-10,9,Leeds,Albion Street South,,Tuesday,2015,4,November,45,460,0,460,0,0,0,460,0,4602015-11-10,9,Leeds,Albion Street North,,Tuesday,2015,4,November,45,398,0,398,0,0,0,398,0,3982015-11-10,10,Leeds,Briggate,,Tuesday,2015,4,November,45,1675,0,1675,0,0,0,1675,0,16752015-11-10,10,Leeds,"Briggate at McDonalds	",,Tuesday,2015,4,November,45,899,0,899,0,0,0,899,0,8992015-11-10,10,Leeds,Commercial Street at Sharps,,Tuesday,2015,4,November,45,1488,0,1488,0,0,0,1488,0,14882015-11-10,10,Leeds,Commercial Street at Barratts,,Tuesday,2015,4,November,45,900,0,900,0,0,0,900,0,9002015-11-10,10,Leeds,Headrow,,Tuesday,2015,4,November,45,1228,0,1228,0,0,0,1228,0,12282015-11-10,10,Leeds,"Dortmund Square	",,Tuesday,2015,4,November,45,1392,0,1392,0,0,0,1392,0,13922015-11-10,10,Leeds,Albion Street South,,Tuesday,2015,4,November,45,870,0,870,0,0,0,870,0,8702015-11-10,10,Leeds,Albion Street North,,Tuesday,2015,4,November,45,1084,0,1084,0,0,0,1084,0,10842015-11-10,11,Leeds,Briggate,,Tuesday,2015,4,November,45,2491,0,2491,0,0,0,2491,0,24912015-11-10,11,Leeds,"Briggate at McDonalds	",,Tuesday,2015,4,November,45,1198,0,1198,0,0,0,1198,0,11982015-11-10,11,Leeds,Commercial Street at Sharps,,Tuesday,2015,4,November,45,2314,0,2314,0,0,0,2314,0,23142015-11-10,11,Leeds,Commercial Street at Barratts,,Tuesday,2015,4,November,45,1300,0,1300,0,0,0,1300,0,13002015-11-10,11,Leeds,Headrow,,Tuesday,2015,4,November,45,1676,0,1676,0,0,0,1676,0,16762015-11-10,11,Leeds,"Dortmund Square	",,Tuesday,2015,4,November,45,1677,0,1677,0,0,0,1677,0,16772015-11-10,11,Leeds,Albion Street South,,Tuesday,2015,4,November,45,1676,0,1676,0,0,0,1676,0,16762015-11-10,11,Leeds,Albion Street North,,Tuesday,2015,4,November,45,1162,0,1162,0,0,0,1162,0,11622015-11-10,12,Leeds,Briggate,,Tuesday,2015,4,November,45,4743,0,4743,0,0,0,4743,0,47432015-11-10,12,Leeds,"Briggate at McDonalds	",,Tuesday,2015,4,November,45,2113,0,2113,0,0,0,2113,0,21132015-11-10,12,Leeds,Commercial Street at Sharps,,Tuesday,2015,4,November,45,2282,0,2282,0,0,0,2282,0,22822015-11-10,12,Leeds,Commercial Street at Barratts,,Tuesday,2015,4,November,45,2403,0,2403,0,0,0,2403,0,24032015-11-10,12,Leeds,Headrow,,Tuesday,2015,4,November,45,2681,0,2681,0,0,0,2681,0,26812015-11-10,12,Leeds,"Dortmund Square	",,Tuesday,2015,4,November,45,2804,0,2804,0,0,0,2804,0,28042015-11-10,12,Leeds,Albion Street South,,Tuesday,2015,4,November,45,3660,0,3660,0,0,0,3660,0,36602015-11-10,12,Leeds,Albion Street North,,Tuesday,2015,4,November,45,2106,0,2106,0,0,0,2106,0,21062015-11-10,13,Leeds,Briggate,,Tuesday,2015,4,November,45,4242,0,4242,0,0,0,4242,0,42422015-11-10,13,Leeds,"Briggate at McDonalds	",,Tuesday,2015,4,November,45,1813,0,1813,0,0,0,1813,0,18132015-11-10,13,Leeds,Commercial Street at Sharps,,Tuesday,2015,4,November,45,2301,0,2301,0,0,0,2301,0,23012015-11-10,13,Leeds,Commercial Street at Barratts,,Tuesday,2015,4,November,45,2354,0,2354,0,0,0,2354,0,23542015-11-10,13,Leeds,Headrow,,Tuesday,2015,4,November,45,2554,0,2554,0,0,0,2554,0,25542015-11-10,13,Leeds,"Dortmund Square	",,Tuesday,2015,4,November,45,2588,0,2588,0,0,0,2588,0,25882015-11-10,13,Leeds,Albion Street South,,Tuesday,2015,4,November,45,3595,0,3595,0,0,0,3595,0,35952015-11-10,13,Leeds,Albion Street North,,Tuesday,2015,4,November,45,2131,0,2131,0,0,0,2131,0,21312015-11-10,14,Leeds,Briggate,,Tuesday,2015,4,November,45,3129,0,3129,0,0,0,3129,0,31292015-11-10,14,Leeds,"Briggate at McDonalds	",,Tuesday,2015,4,November,45,1288,0,1288,0,0,0,1288,0,12882015-11-10,14,Leeds,Commercial Street at Sharps,,Tuesday,2015,4,November,45,2786,0,2786,0,0,0,2786,0,27862015-11-10,14,Leeds,Commercial Street at Barratts,,Tuesday,2015,4,November,45,1730,0,1730,0,0,0,1730,0,17302015-11-10,14,Leeds,Headrow,,Tuesday,2015,4,November,45,1902,0,1902,0,0,0,1902,0,19022015-11-10,14,Leeds,"Dortmund Square	",,Tuesday,2015,4,November,45,1905,0,1905,0,0,0,1905,0,19052015-11-10,14,Leeds,Albion Street South,,Tuesday,2015,4,November,45,2407,0,2407,0,0,0,2407,0,24072015-11-10,14,Leeds,Albion Street North,,Tuesday,2015,4,November,45,1521,0,1521,0,0,0,1521,0,15212015-11-10,15,Leeds,Briggate,,Tuesday,2015,4,November,45,2987,0,2987,0,0,0,2987,0,29872015-11-10,15,Leeds,"Briggate at McDonalds	",,Tuesday,2015,4,November,45,1334,0,1334,0,0,0,1334,0,13342015-11-10,15,Leeds,Commercial Street at Sharps,,Tuesday,2015,4,November,45,2515,0,2515,0,0,0,2515,0,25152015-11-10,15,Leeds,Commercial Street at Barratts,,Tuesday,2015,4,November,45,1402,0,1402,0,0,0,1402,0,14022015-11-10,15,Leeds,Headrow,,Tuesday,2015,4,November,45,1780,0,1780,0,0,0,1780,0,17802015-11-10,15,Leeds,"Dortmund Square	",,Tuesday,2015,4,November,45,2015,0,2015,0,0,0,2015,0,20152015-11-10,15,Leeds,Albion Street South,,Tuesday,2015,4,November,45,2500,0,2500,0,0,0,2500,0,25002015-11-10,15,Leeds,Albion Street North,,Tuesday,2015,4,November,45,1522,0,1522,0,0,0,1522,0,15222015-11-10,16,Leeds,Briggate,,Tuesday,2015,4,November,45,2062,0,2062,0,0,0,2062,0,20622015-11-10,16,Leeds,"Briggate at McDonalds	",,Tuesday,2015,4,November,45,1491,0,1491,0,0,0,1491,0,14912015-11-10,16,Leeds,Commercial Street at Sharps,,Tuesday,2015,4,November,45,2427,0,2427,0,0,0,2427,0,24272015-11-10,16,Leeds,Commercial Street at Barratts,,Tuesday,2015,4,November,45,1373,0,1373,0,0,0,1373,0,13732015-11-10,16,Leeds,Headrow,,Tuesday,2015,4,November,45,2022,0,2022,0,0,0,2022,0,20222015-11-10,16,Leeds,"Dortmund Square	",,Tuesday,2015,4,November,45,2388,0,2388,0,0,0,2388,0,23882015-11-10,16,Leeds,Albion Street South,,Tuesday,2015,4,November,45,2607,0,2607,0,0,0,2607,0,26072015-11-10,16,Leeds,Albion Street North,,Tuesday,2015,4,November,45,1270,0,1270,0,0,0,1270,0,12702015-11-10,17,Leeds,Briggate,,Tuesday,2015,4,November,45,1346,0,1346,0,0,0,1346,0,13462015-11-10,17,Leeds,"Briggate at McDonalds	",,Tuesday,2015,4,November,45,1433,0,1433,0,0,0,1433,0,14332015-11-10,17,Leeds,Commercial Street at Sharps,,Tuesday,2015,4,November,45,2237,0,2237,0,0,0,2237,0,22372015-11-10,17,Leeds,Commercial Street at Barratts,,Tuesday,2015,4,November,45,1397,0,1397,0,0,0,1397,0,13972015-11-10,17,Leeds,Headrow,,Tuesday,2015,4,November,45,1734,0,1734,0,0,0,1734,0,17342015-11-10,17,Leeds,"Dortmund Square	",,Tuesday,2015,4,November,45,2205,0,2205,0,0,0,2205,0,22052015-11-10,17,Leeds,Albion Street South,,Tuesday,2015,4,November,45,2679,0,2679,0,0,0,2679,0,26792015-11-10,17,Leeds,Albion Street North,,Tuesday,2015,4,November,45,931,0,931,0,0,0,931,0,9312015-11-10,18,Leeds,Briggate,,Tuesday,2015,4,November,45,956,0,956,0,0,0,956,0,9562015-11-10,18,Leeds,"Briggate at McDonalds	",,Tuesday,2015,4,November,45,1044,0,1044,0,0,0,1044,0,10442015-11-10,18,Leeds,Commercial Street at Sharps,,Tuesday,2015,4,November,45,1226,0,1226,0,0,0,1226,0,12262015-11-10,18,Leeds,Commercial Street at Barratts,,Tuesday,2015,4,November,45,1104,0,1104,0,0,0,1104,0,11042015-11-10,18,Leeds,Headrow,,Tuesday,2015,4,November,45,985,0,985,0,0,0,985,0,9852015-11-10,18,Leeds,"Dortmund Square	",,Tuesday,2015,4,November,45,1577,0,1577,0,0,0,1577,0,15772015-11-10,18,Leeds,Albion Street South,,Tuesday,2015,4,November,45,1498,0,1498,0,0,0,1498,0,14982015-11-10,18,Leeds,Albion Street North,,Tuesday,2015,4,November,45,515,0,515,0,0,0,515,0,5152015-11-10,19,Leeds,Briggate,,Tuesday,2015,4,November,45,462,0,462,0,0,0,462,0,4622015-11-10,19,Leeds,"Briggate at McDonalds	",,Tuesday,2015,4,November,45,610,0,610,0,0,0,610,0,6102015-11-10,19,Leeds,Commercial Street at Sharps,,Tuesday,2015,4,November,45,548,0,548,0,0,0,548,0,5482015-11-10,19,Leeds,Commercial Street at Barratts,,Tuesday,2015,4,November,45,323,0,323,0,0,0,323,0,3232015-11-10,19,Leeds,Headrow,,Tuesday,2015,4,November,45,553,0,553,0,0,0,553,0,5532015-11-10,19,Leeds,"Dortmund Square	",,Tuesday,2015,4,November,45,824,0,824,0,0,0,824,0,8242015-11-10,19,Leeds,Albion Street South,,Tuesday,2015,4,November,45,723,0,723,0,0,0,723,0,7232015-11-10,19,Leeds,Albion Street North,,Tuesday,2015,4,November,45,336,0,336,0,0,0,336,0,3362015-11-10,20,Leeds,Briggate,,Tuesday,2015,4,November,45,383,0,383,0,0,0,383,0,3832015-11-10,20,Leeds,"Briggate at McDonalds	",,Tuesday,2015,4,November,45,407,0,407,0,0,0,407,0,4072015-11-10,20,Leeds,Commercial Street at Sharps,,Tuesday,2015,4,November,45,342,0,342,0,0,0,342,0,3422015-11-10,20,Leeds,Commercial Street at Barratts,,Tuesday,2015,4,November,45,187,0,187,0,0,0,187,0,1872015-11-10,20,Leeds,Headrow,,Tuesday,2015,4,November,45,313,0,313,0,0,0,313,0,3132015-11-10,20,Leeds,"Dortmund Square	",,Tuesday,2015,4,November,45,591,0,591,0,0,0,591,0,5912015-11-10,20,Leeds,Albion Street South,,Tuesday,2015,4,November,45,411,0,411,0,0,0,411,0,4112015-11-10,20,Leeds,Albion Street North,,Tuesday,2015,4,November,45,191,0,191,0,0,0,191,0,1912015-11-10,21,Leeds,Briggate,,Tuesday,2015,4,November,45,254,0,254,0,0,0,254,0,2542015-11-10,21,Leeds,"Briggate at McDonalds	",,Tuesday,2015,4,November,45,306,0,306,0,0,0,306,0,3062015-11-10,21,Leeds,Commercial Street at Sharps,,Tuesday,2015,4,November,45,189,0,189,0,0,0,189,0,1892015-11-10,21,Leeds,Commercial Street at Barratts,,Tuesday,2015,4,November,45,128,0,128,0,0,0,128,0,1282015-11-10,21,Leeds,Headrow,,Tuesday,2015,4,November,45,237,0,237,0,0,0,237,0,2372015-11-10,21,Leeds,"Dortmund Square	",,Tuesday,2015,4,November,45,350,0,350,0,0,0,350,0,3502015-11-10,21,Leeds,Albion Street South,,Tuesday,2015,4,November,45,200,0,200,0,0,0,200,0,2002015-11-10,21,Leeds,Albion Street North,,Tuesday,2015,4,November,45,104,0,104,0,0,0,104,0,1042015-11-10,22,Leeds,Briggate,,Tuesday,2015,4,November,45,296,0,296,0,0,0,296,0,2962015-11-10,22,Leeds,"Briggate at McDonalds	",,Tuesday,2015,4,November,45,310,0,310,0,0,0,310,0,3102015-11-10,22,Leeds,Commercial Street at Sharps,,Tuesday,2015,4,November,45,148,0,148,0,0,0,148,0,1482015-11-10,22,Leeds,Commercial Street at Barratts,,Tuesday,2015,4,November,45,57,0,57,0,0,0,57,0,572015-11-10,22,Leeds,Headrow,,Tuesday,2015,4,November,45,242,0,242,0,0,0,242,0,2422015-11-10,22,Leeds,"Dortmund Square	",,Tuesday,2015,4,November,45,380,0,380,0,0,0,380,0,3802015-11-10,22,Leeds,Albion Street South,,Tuesday,2015,4,November,45,490,0,490,0,0,0,490,0,4902015-11-10,22,Leeds,Albion Street North,,Tuesday,2015,4,November,45,224,0,224,0,0,0,224,0,2242015-11-10,23,Leeds,Briggate,,Tuesday,2015,4,November,45,213,0,213,0,0,0,213,0,2132015-11-10,23,Leeds,"Briggate at McDonalds	",,Tuesday,2015,4,November,45,161,0,161,0,0,0,161,0,1612015-11-10,23,Leeds,Commercial Street at Sharps,,Tuesday,2015,4,November,45,79,0,79,0,0,0,79,0,792015-11-10,23,Leeds,Commercial Street at Barratts,,Tuesday,2015,4,November,45,75,0,75,0,0,0,75,0,752015-11-10,23,Leeds,Headrow,,Tuesday,2015,4,November,45,120,0,120,0,0,0,120,0,1202015-11-10,23,Leeds,"Dortmund Square	",,Tuesday,2015,4,November,45,181,0,181,0,0,0,181,0,1812015-11-10,23,Leeds,Albion Street South,,Tuesday,2015,4,November,45,125,0,125,0,0,0,125,0,1252015-11-10,23,Leeds,Albion Street North,,Tuesday,2015,4,November,45,58,0,58,0,0,0,58,0,582015-11-11,0,Leeds,Briggate,,Wednesday,2015,4,November,45,178,0,178,0,0,0,178,0,1782015-11-11,0,Leeds,"Briggate at McDonalds	",,Wednesday,2015,4,November,45,110,0,110,0,0,0,110,0,1102015-11-11,0,Leeds,Commercial Street at Sharps,,Wednesday,2015,4,November,45,37,0,37,0,0,0,37,0,372015-11-11,0,Leeds,Commercial Street at Barratts,,Wednesday,2015,4,November,45,7,0,7,0,0,0,7,0,72015-11-11,0,Leeds,Headrow,,Wednesday,2015,4,November,45,67,0,67,0,0,0,67,0,672015-11-11,0,Leeds,"Dortmund Square	",,Wednesday,2015,4,November,45,99,0,99,0,0,0,99,0,992015-11-11,0,Leeds,Albion Street South,,Wednesday,2015,4,November,45,68,0,68,0,0,0,68,0,682015-11-11,0,Leeds,Albion Street North,,Wednesday,2015,4,November,45,21,0,21,0,0,0,21,0,212015-11-11,1,Leeds,Briggate,,Wednesday,2015,4,November,45,141,0,141,0,0,0,141,0,1412015-11-11,1,Leeds,"Briggate at McDonalds	",,Wednesday,2015,4,November,45,94,0,94,0,0,0,94,0,942015-11-11,1,Leeds,Commercial Street at Sharps,,Wednesday,2015,4,November,45,20,0,20,0,0,0,20,0,202015-11-11,1,Leeds,Commercial Street at Barratts,,Wednesday,2015,4,November,45,5,0,5,0,0,0,5,0,52015-11-11,1,Leeds,Headrow,,Wednesday,2015,4,November,45,67,0,67,0,0,0,67,0,672015-11-11,1,Leeds,"Dortmund Square	",,Wednesday,2015,4,November,45,65,0,65,0,0,0,65,0,652015-11-11,1,Leeds,Albion Street South,,Wednesday,2015,4,November,45,29,0,29,0,0,0,29,0,292015-11-11,1,Leeds,Albion Street North,,Wednesday,2015,4,November,45,12,0,12,0,0,0,12,0,122015-11-11,2,Leeds,Briggate,,Wednesday,2015,4,November,45,169,0,169,0,0,0,169,0,1692015-11-11,2,Leeds,"Briggate at McDonalds	",,Wednesday,2015,4,November,45,90,0,90,0,0,0,90,0,902015-11-11,2,Leeds,Commercial Street at Sharps,,Wednesday,2015,4,November,45,26,0,26,0,0,0,26,0,262015-11-11,2,Leeds,Commercial Street at Barratts,,Wednesday,2015,4,November,45,1,0,1,0,0,0,1,0,12015-11-11,2,Leeds,Headrow,,Wednesday,2015,4,November,45,47,0,47,0,0,0,47,0,472015-11-11,2,Leeds,"Dortmund Square	",,Wednesday,2015,4,November,45,83,0,83,0,0,0,83,0,832015-11-11,2,Leeds,Albion Street South,,Wednesday,2015,4,November,45,30,0,30,0,0,0,30,0,302015-11-11,2,Leeds,Albion Street North,,Wednesday,2015,4,November,45,20,0,20,0,0,0,20,0,202015-11-11,3,Leeds,Briggate,,Wednesday,2015,4,November,45,176,0,176,0,0,0,176,0,1762015-11-11,3,Leeds,"Briggate at McDonalds	",,Wednesday,2015,4,November,45,58,0,58,0,0,0,58,0,582015-11-11,3,Leeds,Commercial Street at Sharps,,Wednesday,2015,4,November,45,18,0,18,0,0,0,18,0,182015-11-11,3,Leeds,Commercial Street at Barratts,,Wednesday,2015,4,November,45,24,0,24,0,0,0,24,0,242015-11-11,3,Leeds,Headrow,,Wednesday,2015,4,November,45,46,0,46,0,0,0,46,0,462015-11-11,3,Leeds,"Dortmund Square	",,Wednesday,2015,4,November,45,44,0,44,0,0,0,44,0,442015-11-11,3,Leeds,Albion Street South,,Wednesday,2015,4,November,45,37,0,37,0,0,0,37,0,372015-11-11,3,Leeds,Albion Street North,,Wednesday,2015,4,November,45,38,0,38,0,0,0,38,0,382015-11-11,4,Leeds,Briggate,,Wednesday,2015,4,November,45,129,0,129,0,0,0,129,0,1292015-11-11,4,Leeds,"Briggate at McDonalds	",,Wednesday,2015,4,November,45,36,0,36,0,0,0,36,0,362015-11-11,4,Leeds,Commercial Street at Sharps,,Wednesday,2015,4,November,45,7,0,7,0,0,0,7,0,72015-11-11,4,Leeds,Commercial Street at Barratts,,Wednesday,2015,4,November,45,7,0,7,0,0,0,7,0,72015-11-11,4,Leeds,Headrow,,Wednesday,2015,4,November,45,30,0,30,0,0,0,30,0,302015-11-11,4,Leeds,"Dortmund Square	",,Wednesday,2015,4,November,45,56,0,56,0,0,0,56,0,562015-11-11,4,Leeds,Albion Street South,,Wednesday,2015,4,November,45,28,0,28,0,0,0,28,0,282015-11-11,4,Leeds,Albion Street North,,Wednesday,2015,4,November,45,29,0,29,0,0,0,29,0,292015-11-11,5,Leeds,Briggate,,Wednesday,2015,4,November,45,46,0,46,0,0,0,46,0,462015-11-11,5,Leeds,"Briggate at McDonalds	",,Wednesday,2015,4,November,45,67,0,67,0,0,0,67,0,672015-11-11,5,Leeds,Commercial Street at Sharps,,Wednesday,2015,4,November,45,7,0,7,0,0,0,7,0,72015-11-11,5,Leeds,Commercial Street at Barratts,,Wednesday,2015,4,November,45,21,0,21,0,0,0,21,0,212015-11-11,5,Leeds,Headrow,,Wednesday,2015,4,November,45,27,0,27,0,0,0,27,0,272015-11-11,5,Leeds,"Dortmund Square	",,Wednesday,2015,4,November,45,28,0,28,0,0,0,28,0,282015-11-11,5,Leeds,Albion Street South,,Wednesday,2015,4,November,45,55,0,55,0,0,0,55,0,552015-11-11,5,Leeds,Albion Street North,,Wednesday,2015,4,November,45,21,0,21,0,0,0,21,0,212015-11-11,6,Leeds,Briggate,,Wednesday,2015,4,November,45,151,0,151,0,0,0,151,0,1512015-11-11,6,Leeds,"Briggate at McDonalds	",,Wednesday,2015,4,November,45,150,0,150,0,0,0,150,0,1502015-11-11,6,Leeds,Commercial Street at Sharps,,Wednesday,2015,4,November,45,41,0,41,0,0,0,41,0,412015-11-11,6,Leeds,Commercial Street at Barratts,,Wednesday,2015,4,November,45,81,0,81,0,0,0,81,0,812015-11-11,6,Leeds,Headrow,,Wednesday,2015,4,November,45,76,0,76,0,0,0,76,0,762015-11-11,6,Leeds,"Dortmund Square	",,Wednesday,2015,4,November,45,131,0,131,0,0,0,131,0,1312015-11-11,6,Leeds,Albion Street South,,Wednesday,2015,4,November,45,125,0,125,0,0,0,125,0,1252015-11-11,6,Leeds,Albion Street North,,Wednesday,2015,4,November,45,60,0,60,0,0,0,60,0,602015-11-11,7,Leeds,Briggate,,Wednesday,2015,4,November,45,572,0,572,0,0,0,572,0,5722015-11-11,7,Leeds,"Briggate at McDonalds	",,Wednesday,2015,4,November,45,319,0,319,0,0,0,319,0,3192015-11-11,7,Leeds,Commercial Street at Sharps,,Wednesday,2015,4,November,45,154,0,154,0,0,0,154,0,1542015-11-11,7,Leeds,Commercial Street at Barratts,,Wednesday,2015,4,November,45,203,0,203,0,0,0,203,0,2032015-11-11,7,Leeds,Headrow,,Wednesday,2015,4,November,45,251,0,251,0,0,0,251,0,2512015-11-11,7,Leeds,"Dortmund Square	",,Wednesday,2015,4,November,45,472,0,472,0,0,0,472,0,4722015-11-11,7,Leeds,Albion Street South,,Wednesday,2015,4,November,45,410,0,410,0,0,0,410,0,4102015-11-11,7,Leeds,Albion Street North,,Wednesday,2015,4,November,45,331,0,331,0,0,0,331,0,3312015-11-11,8,Leeds,Briggate,,Wednesday,2015,4,November,45,1229,0,1229,0,0,0,1229,0,12292015-11-11,8,Leeds,"Briggate at McDonalds	",,Wednesday,2015,4,November,45,619,0,619,0,0,0,619,0,6192015-11-11,8,Leeds,Commercial Street at Sharps,,Wednesday,2015,4,November,45,528,0,528,0,0,0,528,0,5282015-11-11,8,Leeds,Commercial Street at Barratts,,Wednesday,2015,4,November,45,525,0,525,0,0,0,525,0,5252015-11-11,8,Leeds,Headrow,,Wednesday,2015,4,November,45,643,0,643,0,0,0,643,0,6432015-11-11,8,Leeds,"Dortmund Square	",,Wednesday,2015,4,November,45,1274,0,1274,0,0,0,1274,0,12742015-11-11,8,Leeds,Albion Street South,,Wednesday,2015,4,November,45,1270,0,1270,0,0,0,1270,0,12702015-11-11,8,Leeds,Albion Street North,,Wednesday,2015,4,November,45,950,0,950,0,0,0,950,0,9502015-11-11,9,Leeds,Briggate,,Wednesday,2015,4,November,45,1287,0,1287,0,0,0,1287,0,12872015-11-11,9,Leeds,"Briggate at McDonalds	",,Wednesday,2015,4,November,45,468,0,468,0,0,0,468,0,4682015-11-11,9,Leeds,Commercial Street at Sharps,,Wednesday,2015,4,November,45,603,0,603,0,0,0,603,0,6032015-11-11,9,Leeds,Commercial Street at Barratts,,Wednesday,2015,4,November,45,571,0,571,0,0,0,571,0,5712015-11-11,9,Leeds,Headrow,,Wednesday,2015,4,November,45,770,0,770,0,0,0,770,0,7702015-11-11,9,Leeds,"Dortmund Square	",,Wednesday,2015,4,November,45,995,0,995,0,0,0,995,0,9952015-11-11,9,Leeds,Albion Street South,,Wednesday,2015,4,November,45,921,0,921,0,0,0,921,0,9212015-11-11,9,Leeds,Albion Street North,,Wednesday,2015,4,November,45,757,0,757,0,0,0,757,0,7572015-11-11,10,Leeds,Briggate,,Wednesday,2015,4,November,45,1673,0,1673,0,0,0,1673,0,16732015-11-11,10,Leeds,"Briggate at McDonalds	",,Wednesday,2015,4,November,45,804,0,804,0,0,0,804,0,8042015-11-11,10,Leeds,Commercial Street at Sharps,,Wednesday,2015,4,November,45,1004,0,1004,0,0,0,1004,0,10042015-11-11,10,Leeds,Commercial Street at Barratts,,Wednesday,2015,4,November,45,793,0,793,0,0,0,793,0,7932015-11-11,10,Leeds,Headrow,,Wednesday,2015,4,November,45,1209,0,1209,0,0,0,1209,0,12092015-11-11,10,Leeds,"Dortmund Square	",,Wednesday,2015,4,November,45,1267,0,1267,0,0,0,1267,0,12672015-11-11,10,Leeds,Albion Street South,,Wednesday,2015,4,November,45,1242,0,1242,0,0,0,1242,0,12422015-11-11,10,Leeds,Albion Street North,,Wednesday,2015,4,November,45,910,0,910,0,0,0,910,0,9102015-11-11,11,Leeds,Briggate,,Wednesday,2015,4,November,45,2344,0,2344,0,0,0,2344,0,23442015-11-11,11,Leeds,"Briggate at McDonalds	",,Wednesday,2015,4,November,45,1162,0,1162,0,0,0,1162,0,11622015-11-11,11,Leeds,Commercial Street at Sharps,,Wednesday,2015,4,November,45,1355,0,1355,0,0,0,1355,0,13552015-11-11,11,Leeds,Commercial Street at Barratts,,Wednesday,2015,4,November,45,1197,0,1197,0,0,0,1197,0,11972015-11-11,11,Leeds,Headrow,,Wednesday,2015,4,November,45,1612,0,1612,0,0,0,1612,0,16122015-11-11,11,Leeds,"Dortmund Square	",,Wednesday,2015,4,November,45,1589,0,1589,0,0,0,1589,0,15892015-11-11,11,Leeds,Albion Street South,,Wednesday,2015,4,November,45,1821,0,1821,0,0,0,1821,0,18212015-11-11,11,Leeds,Albion Street North,,Wednesday,2015,4,November,45,1241,0,1241,0,0,0,1241,0,12412015-11-11,12,Leeds,Briggate,,Wednesday,2015,4,November,45,3914,0,3914,0,0,0,3914,0,39142015-11-11,12,Leeds,"Briggate at McDonalds	",,Wednesday,2015,4,November,45,1695,0,1695,0,0,0,1695,0,16952015-11-11,12,Leeds,Commercial Street at Sharps,,Wednesday,2015,4,November,45,2521,0,2521,0,0,0,2521,0,25212015-11-11,12,Leeds,Commercial Street at Barratts,,Wednesday,2015,4,November,45,2238,0,2238,0,0,0,2238,0,22382015-11-11,12,Leeds,Headrow,,Wednesday,2015,4,November,45,2442,0,2442,0,0,0,2442,0,24422015-11-11,12,Leeds,"Dortmund Square	",,Wednesday,2015,4,November,45,2591,0,2591,0,0,0,2591,0,25912015-11-11,12,Leeds,Albion Street South,,Wednesday,2015,4,November,45,3804,0,3804,0,0,0,3804,0,38042015-11-11,12,Leeds,Albion Street North,,Wednesday,2015,4,November,45,2127,0,2127,0,0,0,2127,0,21272015-11-11,13,Leeds,Briggate,,Wednesday,2015,4,November,45,4070,0,4070,0,0,0,4070,0,40702015-11-11,13,Leeds,"Briggate at McDonalds	",,Wednesday,2015,4,November,45,1675,0,1675,0,0,0,1675,0,16752015-11-11,13,Leeds,Commercial Street at Sharps,,Wednesday,2015,4,November,45,2780,0,2780,0,0,0,2780,0,27802015-11-11,13,Leeds,Commercial Street at Barratts,,Wednesday,2015,4,November,45,2283,0,2283,0,0,0,2283,0,22832015-11-11,13,Leeds,Headrow,,Wednesday,2015,4,November,45,2356,0,2356,0,0,0,2356,0,23562015-11-11,13,Leeds,"Dortmund Square	",,Wednesday,2015,4,November,45,2524,0,2524,0,0,0,2524,0,25242015-11-11,13,Leeds,Albion Street South,,Wednesday,2015,4,November,45,4087,0,4087,0,0,0,4087,0,40872015-11-11,13,Leeds,Albion Street North,,Wednesday,2015,4,November,45,2452,0,2452,0,0,0,2452,0,24522015-11-11,14,Leeds,Briggate,,Wednesday,2015,4,November,45,3237,0,3237,0,0,0,3237,0,32372015-11-11,14,Leeds,"Briggate at McDonalds	",,Wednesday,2015,4,November,45,1336,0,1336,0,0,0,1336,0,13362015-11-11,14,Leeds,Commercial Street at Sharps,,Wednesday,2015,4,November,45,2225,0,2225,0,0,0,2225,0,22252015-11-11,14,Leeds,Commercial Street at Barratts,,Wednesday,2015,4,November,45,1754,0,1754,0,0,0,1754,0,17542015-11-11,14,Leeds,Headrow,,Wednesday,2015,4,November,45,1915,0,1915,0,0,0,1915,0,19152015-11-11,14,Leeds,"Dortmund Square	",,Wednesday,2015,4,November,45,2011,0,2011,0,0,0,2011,0,20112015-11-11,14,Leeds,Albion Street South,,Wednesday,2015,4,November,45,2782,0,2782,0,0,0,2782,0,27822015-11-11,14,Leeds,Albion Street North,,Wednesday,2015,4,November,45,1742,0,1742,0,0,0,1742,0,17422015-11-11,15,Leeds,Briggate,,Wednesday,2015,4,November,45,2931,0,2931,0,0,0,2931,0,29312015-11-11,15,Leeds,"Briggate at McDonalds	",,Wednesday,2015,4,November,45,1273,0,1273,0,0,0,1273,0,12732015-11-11,15,Leeds,Commercial Street at Sharps,,Wednesday,2015,4,November,45,2010,0,2010,0,0,0,2010,0,20102015-11-11,15,Leeds,Commercial Street at Barratts,,Wednesday,2015,4,November,45,1520,0,1520,0,0,0,1520,0,15202015-11-11,15,Leeds,Headrow,,Wednesday,2015,4,November,45,1817,0,1817,0,0,0,1817,0,18172015-11-11,15,Leeds,"Dortmund Square	",,Wednesday,2015,4,November,45,1989,0,1989,0,0,0,1989,0,19892015-11-11,15,Leeds,Albion Street South,,Wednesday,2015,4,November,45,2443,0,2443,0,0,0,2443,0,24432015-11-11,15,Leeds,Albion Street North,,Wednesday,2015,4,November,45,1620,0,1620,0,0,0,1620,0,16202015-11-11,16,Leeds,Briggate,,Wednesday,2015,4,November,45,1804,0,1804,0,0,0,1804,0,18042015-11-11,16,Leeds,"Briggate at McDonalds	",,Wednesday,2015,4,November,45,1405,0,1405,0,0,0,1405,0,14052015-11-11,16,Leeds,Commercial Street at Sharps,,Wednesday,2015,4,November,45,2005,0,2005,0,0,0,2005,0,20052015-11-11,16,Leeds,Commercial Street at Barratts,,Wednesday,2015,4,November,45,1487,0,1487,0,0,0,1487,0,14872015-11-11,16,Leeds,Headrow,,Wednesday,2015,4,November,45,1916,0,1916,0,0,0,1916,0,19162015-11-11,16,Leeds,"Dortmund Square	",,Wednesday,2015,4,November,45,2208,0,2208,0,0,0,2208,0,22082015-11-11,16,Leeds,Albion Street South,,Wednesday,2015,4,November,45,2603,0,2603,0,0,0,2603,0,26032015-11-11,16,Leeds,Albion Street North,,Wednesday,2015,4,November,45,1169,0,1169,0,0,0,1169,0,11692015-11-11,17,Leeds,Briggate,,Wednesday,2015,4,November,45,1201,0,1201,0,0,0,1201,0,12012015-11-11,17,Leeds,"Briggate at McDonalds	",,Wednesday,2015,4,November,45,1203,0,1203,0,0,0,1203,0,12032015-11-11,17,Leeds,Commercial Street at Sharps,,Wednesday,2015,4,November,45,1698,0,1698,0,0,0,1698,0,16982015-11-11,17,Leeds,Commercial Street at Barratts,,Wednesday,2015,4,November,45,1172,0,1172,0,0,0,1172,0,11722015-11-11,17,Leeds,Headrow,,Wednesday,2015,4,November,45,1405,0,1405,0,0,0,1405,0,14052015-11-11,17,Leeds,"Dortmund Square	",,Wednesday,2015,4,November,45,2015,0,2015,0,0,0,2015,0,20152015-11-11,17,Leeds,Albion Street South,,Wednesday,2015,4,November,45,2278,0,2278,0,0,0,2278,0,22782015-11-11,17,Leeds,Albion Street North,,Wednesday,2015,4,November,45,846,0,846,0,0,0,846,0,8462015-11-11,18,Leeds,Briggate,,Wednesday,2015,4,November,45,967,0,967,0,0,0,967,0,9672015-11-11,18,Leeds,"Briggate at McDonalds	",,Wednesday,2015,4,November,45,839,0,839,0,0,0,839,0,8392015-11-11,18,Leeds,Commercial Street at Sharps,,Wednesday,2015,4,November,45,965,0,965,0,0,0,965,0,9652015-11-11,18,Leeds,Commercial Street at Barratts,,Wednesday,2015,4,November,45,567,0,567,0,0,0,567,0,5672015-11-11,18,Leeds,Headrow,,Wednesday,2015,4,November,45,714,0,714,0,0,0,714,0,7142015-11-11,18,Leeds,"Dortmund Square	",,Wednesday,2015,4,November,45,1272,0,1272,0,0,0,1272,0,12722015-11-11,18,Leeds,Albion Street South,,Wednesday,2015,4,November,45,1149,0,1149,0,0,0,1149,0,11492015-11-11,18,Leeds,Albion Street North,,Wednesday,2015,4,November,45,530,0,530,0,0,0,530,0,5302015-11-11,19,Leeds,Briggate,,Wednesday,2015,4,November,45,455,0,455,0,0,0,455,0,4552015-11-11,19,Leeds,"Briggate at McDonalds	",,Wednesday,2015,4,November,45,584,0,584,0,0,0,584,0,5842015-11-11,19,Leeds,Commercial Street at Sharps,,Wednesday,2015,4,November,45,486,0,486,0,0,0,486,0,4862015-11-11,19,Leeds,Commercial Street at Barratts,,Wednesday,2015,4,November,45,311,0,311,0,0,0,311,0,3112015-11-11,19,Leeds,Headrow,,Wednesday,2015,4,November,45,462,0,462,0,0,0,462,0,4622015-11-11,19,Leeds,"Dortmund Square	",,Wednesday,2015,4,November,45,847,0,847,0,0,0,847,0,8472015-11-11,19,Leeds,Albion Street South,,Wednesday,2015,4,November,45,679,0,679,0,0,0,679,0,6792015-11-11,19,Leeds,Albion Street North,,Wednesday,2015,4,November,45,171,0,171,0,0,0,171,0,1712015-11-11,20,Leeds,Briggate,,Wednesday,2015,4,November,45,281,0,281,0,0,0,281,0,2812015-11-11,20,Leeds,"Briggate at McDonalds	",,Wednesday,2015,4,November,45,297,0,297,0,0,0,297,0,2972015-11-11,20,Leeds,Commercial Street at Sharps,,Wednesday,2015,4,November,45,244,0,244,0,0,0,244,0,2442015-11-11,20,Leeds,Commercial Street at Barratts,,Wednesday,2015,4,November,45,209,0,209,0,0,0,209,0,2092015-11-11,20,Leeds,Headrow,,Wednesday,2015,4,November,45,324,0,324,0,0,0,324,0,3242015-11-11,20,Leeds,"Dortmund Square	",,Wednesday,2015,4,November,45,569,0,569,0,0,0,569,0,5692015-11-11,20,Leeds,Albion Street South,,Wednesday,2015,4,November,45,411,0,411,0,0,0,411,0,4112015-11-11,20,Leeds,Albion Street North,,Wednesday,2015,4,November,45,159,0,159,0,0,0,159,0,1592015-11-11,21,Leeds,Briggate,,Wednesday,2015,4,November,45,216,0,216,0,0,0,216,0,2162015-11-11,21,Leeds,"Briggate at McDonalds	",,Wednesday,2015,4,November,45,254,0,254,0,0,0,254,0,2542015-11-11,21,Leeds,Commercial Street at Sharps,,Wednesday,2015,4,November,45,156,0,156,0,0,0,156,0,1562015-11-11,21,Leeds,Commercial Street at Barratts,,Wednesday,2015,4,November,45,155,0,155,0,0,0,155,0,1552015-11-11,21,Leeds,Headrow,,Wednesday,2015,4,November,45,228,0,228,0,0,0,228,0,2282015-11-11,21,Leeds,"Dortmund Square	",,Wednesday,2015,4,November,45,365,0,365,0,0,0,365,0,3652015-11-11,21,Leeds,Albion Street South,,Wednesday,2015,4,November,45,208,0,208,0,0,0,208,0,2082015-11-11,21,Leeds,Albion Street North,,Wednesday,2015,4,November,45,109,0,109,0,0,0,109,0,1092015-11-11,22,Leeds,Briggate,,Wednesday,2015,4,November,45,225,0,225,0,0,0,225,0,2252015-11-11,22,Leeds,"Briggate at McDonalds	",,Wednesday,2015,4,November,45,217,0,217,0,0,0,217,0,2172015-11-11,22,Leeds,Commercial Street at Sharps,,Wednesday,2015,4,November,45,108,0,108,0,0,0,108,0,1082015-11-11,22,Leeds,Commercial Street at Barratts,,Wednesday,2015,4,November,45,90,0,90,0,0,0,90,0,902015-11-11,22,Leeds,Headrow,,Wednesday,2015,4,November,45,190,0,190,0,0,0,190,0,1902015-11-11,22,Leeds,"Dortmund Square	",,Wednesday,2015,4,November,45,296,0,296,0,0,0,296,0,2962015-11-11,22,Leeds,Albion Street South,,Wednesday,2015,4,November,45,145,0,145,0,0,0,145,0,1452015-11-11,22,Leeds,Albion Street North,,Wednesday,2015,4,November,45,62,0,62,0,0,0,62,0,622015-11-11,23,Leeds,Briggate,,Wednesday,2015,4,November,45,113,0,113,0,0,0,113,0,1132015-11-11,23,Leeds,"Briggate at McDonalds	",,Wednesday,2015,4,November,45,146,0,146,0,0,0,146,0,1462015-11-11,23,Leeds,Commercial Street at Sharps,,Wednesday,2015,4,November,45,85,0,85,0,0,0,85,0,852015-11-11,23,Leeds,Commercial Street at Barratts,,Wednesday,2015,4,November,45,47,0,47,0,0,0,47,0,472015-11-11,23,Leeds,Headrow,,Wednesday,2015,4,November,45,132,0,132,0,0,0,132,0,1322015-11-11,23,Leeds,"Dortmund Square	",,Wednesday,2015,4,November,45,195,0,195,0,0,0,195,0,1952015-11-11,23,Leeds,Albion Street South,,Wednesday,2015,4,November,45,95,0,95,0,0,0,95,0,952015-11-11,23,Leeds,Albion Street North,,Wednesday,2015,4,November,45,38,0,38,0,0,0,38,0,382015-11-12,0,Leeds,Briggate,,Thursday,2015,4,November,45,74,0,74,0,0,0,74,0,742015-11-12,0,Leeds,"Briggate at McDonalds	",,Thursday,2015,4,November,45,89,0,89,0,0,0,89,0,892015-11-12,0,Leeds,Commercial Street at Sharps,,Thursday,2015,4,November,45,46,0,46,0,0,0,46,0,462015-11-12,0,Leeds,Commercial Street at Barratts,,Thursday,2015,4,November,45,11,0,11,0,0,0,11,0,112015-11-12,0,Leeds,Headrow,,Thursday,2015,4,November,45,55,0,55,0,0,0,55,0,552015-11-12,0,Leeds,"Dortmund Square	",,Thursday,2015,4,November,45,98,0,98,0,0,0,98,0,982015-11-12,0,Leeds,Albion Street South,,Thursday,2015,4,November,45,43,0,43,0,0,0,43,0,432015-11-12,0,Leeds,Albion Street North,,Thursday,2015,4,November,45,17,0,17,0,0,0,17,0,172015-11-12,1,Leeds,Briggate,,Thursday,2015,4,November,45,53,0,53,0,0,0,53,0,532015-11-12,1,Leeds,"Briggate at McDonalds	",,Thursday,2015,4,November,45,36,0,36,0,0,0,36,0,362015-11-12,1,Leeds,Commercial Street at Sharps,,Thursday,2015,4,November,45,9,0,9,0,0,0,9,0,92015-11-12,1,Leeds,Commercial Street at Barratts,,Thursday,2015,4,November,45,0,0,0,0,0,0,0,0,02015-11-12,1,Leeds,Headrow,,Thursday,2015,4,November,45,29,0,29,0,0,0,29,0,292015-11-12,1,Leeds,"Dortmund Square	",,Thursday,2015,4,November,45,48,0,48,0,0,0,48,0,482015-11-12,1,Leeds,Albion Street South,,Thursday,2015,4,November,45,32,0,32,0,0,0,32,0,322015-11-12,1,Leeds,Albion Street North,,Thursday,2015,4,November,45,7,0,7,0,0,0,7,0,72015-11-12,2,Leeds,Briggate,,Thursday,2015,4,November,45,57,0,57,0,0,0,57,0,572015-11-12,2,Leeds,"Briggate at McDonalds	",,Thursday,2015,4,November,45,55,0,55,0,0,0,55,0,552015-11-12,2,Leeds,Commercial Street at Sharps,,Thursday,2015,4,November,45,15,0,15,0,0,0,15,0,152015-11-12,2,Leeds,Commercial Street at Barratts,,Thursday,2015,4,November,45,0,0,0,0,0,0,0,0,02015-11-12,2,Leeds,Headrow,,Thursday,2015,4,November,45,35,0,35,0,0,0,35,0,352015-11-12,2,Leeds,"Dortmund Square	",,Thursday,2015,4,November,45,63,0,63,0,0,0,63,0,632015-11-12,2,Leeds,Albion Street South,,Thursday,2015,4,November,45,35,0,35,0,0,0,35,0,352015-11-12,2,Leeds,Albion Street North,,Thursday,2015,4,November,45,5,0,5,0,0,0,5,0,52015-11-12,3,Leeds,Briggate,,Thursday,2015,4,November,45,47,0,47,0,0,0,47,0,472015-11-12,3,Leeds,"Briggate at McDonalds	",,Thursday,2015,4,November,45,28,0,28,0,0,0,28,0,282015-11-12,3,Leeds,Commercial Street at Sharps,,Thursday,2015,4,November,45,7,0,7,0,0,0,7,0,72015-11-12,3,Leeds,Commercial Street at Barratts,,Thursday,2015,4,November,45,0,0,0,0,0,0,0,0,02015-11-12,3,Leeds,Headrow,,Thursday,2015,4,November,45,26,0,26,0,0,0,26,0,262015-11-12,3,Leeds,"Dortmund Square	",,Thursday,2015,4,November,45,34,0,34,0,0,0,34,0,342015-11-12,3,Leeds,Albion Street South,,Thursday,2015,4,November,45,34,0,34,0,0,0,34,0,342015-11-12,3,Leeds,Albion Street North,,Thursday,2015,4,November,45,4,0,4,0,0,0,4,0,42015-11-12,4,Leeds,Briggate,,Thursday,2015,4,November,45,43,0,43,0,0,0,43,0,432015-11-12,4,Leeds,"Briggate at McDonalds	",,Thursday,2015,4,November,45,29,0,29,0,0,0,29,0,292015-11-12,4,Leeds,Commercial Street at Sharps,,Thursday,2015,4,November,45,15,0,15,0,0,0,15,0,152015-11-12,4,Leeds,Commercial Street at Barratts,,Thursday,2015,4,November,45,0,0,0,0,0,0,0,0,02015-11-12,4,Leeds,Headrow,,Thursday,2015,4,November,45,9,0,9,0,0,0,9,0,92015-11-12,4,Leeds,"Dortmund Square	",,Thursday,2015,4,November,45,34,0,34,0,0,0,34,0,342015-11-12,4,Leeds,Albion Street South,,Thursday,2015,4,November,45,45,0,45,0,0,0,45,0,452015-11-12,4,Leeds,Albion Street North,,Thursday,2015,4,November,45,34,0,34,0,0,0,34,0,342015-11-12,5,Leeds,Briggate,,Thursday,2015,4,November,45,48,0,48,0,0,0,48,0,482015-11-12,5,Leeds,"Briggate at McDonalds	",,Thursday,2015,4,November,45,54,0,54,0,0,0,54,0,542015-11-12,5,Leeds,Commercial Street at Sharps,,Thursday,2015,4,November,45,16,0,16,0,0,0,16,0,162015-11-12,5,Leeds,Commercial Street at Barratts,,Thursday,2015,4,November,45,88,0,88,0,0,0,88,0,882015-11-12,5,Leeds,Headrow,,Thursday,2015,4,November,45,17,0,17,0,0,0,17,0,172015-11-12,5,Leeds,"Dortmund Square	",,Thursday,2015,4,November,45,30,0,30,0,0,0,30,0,302015-11-12,5,Leeds,Albion Street South,,Thursday,2015,4,November,45,57,0,57,0,0,0,57,0,572015-11-12,5,Leeds,Albion Street North,,Thursday,2015,4,November,45,38,0,38,0,0,0,38,0,382015-11-12,6,Leeds,Briggate,,Thursday,2015,4,November,45,172,0,172,0,0,0,172,0,1722015-11-12,6,Leeds,"Briggate at McDonalds	",,Thursday,2015,4,November,45,134,0,134,0,0,0,134,0,1342015-11-12,6,Leeds,Commercial Street at Sharps,,Thursday,2015,4,November,45,42,0,42,0,0,0,42,0,422015-11-12,6,Leeds,Commercial Street at Barratts,,Thursday,2015,4,November,45,88,0,88,0,0,0,88,0,882015-11-12,6,Leeds,Headrow,,Thursday,2015,4,November,45,92,0,92,0,0,0,92,0,922015-11-12,6,Leeds,"Dortmund Square	",,Thursday,2015,4,November,45,156,0,156,0,0,0,156,0,1562015-11-12,6,Leeds,Albion Street South,,Thursday,2015,4,November,45,86,0,86,0,0,0,86,0,862015-11-12,6,Leeds,Albion Street North,,Thursday,2015,4,November,45,42,0,42,0,0,0,42,0,422015-11-12,7,Leeds,Briggate,,Thursday,2015,4,November,45,478,0,478,0,0,0,478,0,4782015-11-12,7,Leeds,"Briggate at McDonalds	",,Thursday,2015,4,November,45,336,0,336,0,0,0,336,0,3362015-11-12,7,Leeds,Commercial Street at Sharps,,Thursday,2015,4,November,45,176,0,176,0,0,0,176,0,1762015-11-12,7,Leeds,Commercial Street at Barratts,,Thursday,2015,4,November,45,248,0,248,0,0,0,248,0,2482015-11-12,7,Leeds,Headrow,,Thursday,2015,4,November,45,261,0,261,0,0,0,261,0,2612015-11-12,7,Leeds,"Dortmund Square	",,Thursday,2015,4,November,45,445,0,445,0,0,0,445,0,4452015-11-12,7,Leeds,Albion Street South,,Thursday,2015,4,November,45,442,0,442,0,0,0,442,0,4422015-11-12,7,Leeds,Albion Street North,,Thursday,2015,4,November,45,290,0,290,0,0,0,290,0,2902015-11-12,8,Leeds,Briggate,,Thursday,2015,4,November,45,1102,0,1102,0,0,0,1102,0,11022015-11-12,8,Leeds,"Briggate at McDonalds	",,Thursday,2015,4,November,45,567,0,567,0,0,0,567,0,5672015-11-12,8,Leeds,Commercial Street at Sharps,,Thursday,2015,4,November,45,523,0,523,0,0,0,523,0,5232015-11-12,8,Leeds,Commercial Street at Barratts,,Thursday,2015,4,November,45,650,0,650,0,0,0,650,0,6502015-11-12,8,Leeds,Headrow,,Thursday,2015,4,November,45,650,0,650,0,0,0,650,0,6502015-11-12,8,Leeds,"Dortmund Square	",,Thursday,2015,4,November,45,1250,0,1250,0,0,0,1250,0,12502015-11-12,8,Leeds,Albion Street South,,Thursday,2015,4,November,45,864,0,864,0,0,0,864,0,8642015-11-12,8,Leeds,Albion Street North,,Thursday,2015,4,November,45,773,0,773,0,0,0,773,0,7732015-11-12,9,Leeds,Briggate,,Thursday,2015,4,November,45,1075,0,1075,0,0,0,1075,0,10752015-11-12,9,Leeds,"Briggate at McDonalds	",,Thursday,2015,4,November,45,619,0,619,0,0,0,619,0,6192015-11-12,9,Leeds,Commercial Street at Sharps,,Thursday,2015,4,November,45,590,0,590,0,0,0,590,0,5902015-11-12,9,Leeds,Commercial Street at Barratts,,Thursday,2015,4,November,45,670,0,670,0,0,0,670,0,6702015-11-12,9,Leeds,Headrow,,Thursday,2015,4,November,45,711,0,711,0,0,0,711,0,7112015-11-12,9,Leeds,"Dortmund Square	",,Thursday,2015,4,November,45,1030,0,1030,0,0,0,1030,0,10302015-11-12,9,Leeds,Albion Street South,,Thursday,2015,4,November,45,504,0,504,0,0,0,504,0,5042015-11-12,9,Leeds,Albion Street North,,Thursday,2015,4,November,45,484,0,484,0,0,0,484,0,4842015-11-12,10,Leeds,Briggate,,Thursday,2015,4,November,45,1774,0,1774,0,0,0,1774,0,17742015-11-12,10,Leeds,"Briggate at McDonalds	",,Thursday,2015,4,November,45,860,0,860,0,0,0,860,0,8602015-11-12,10,Leeds,Commercial Street at Sharps,,Thursday,2015,4,November,45,1058,0,1058,0,0,0,1058,0,10582015-11-12,10,Leeds,Commercial Street at Barratts,,Thursday,2015,4,November,45,1027,0,1027,0,0,0,1027,0,10272015-11-12,10,Leeds,Headrow,,Thursday,2015,4,November,45,1231,0,1231,0,0,0,1231,0,12312015-11-12,10,Leeds,"Dortmund Square	",,Thursday,2015,4,November,45,1193,0,1193,0,0,0,1193,0,11932015-11-12,10,Leeds,Albion Street South,,Thursday,2015,4,November,45,575,0,575,0,0,0,575,0,5752015-11-12,10,Leeds,Albion Street North,,Thursday,2015,4,November,45,964,0,964,0,0,0,964,0,9642015-11-12,11,Leeds,Briggate,,Thursday,2015,4,November,45,2649,0,2649,0,0,0,2649,0,26492015-11-12,11,Leeds,"Briggate at McDonalds	",,Thursday,2015,4,November,45,1324,0,1324,0,0,0,1324,0,13242015-11-12,11,Leeds,Commercial Street at Sharps,,Thursday,2015,4,November,45,1677,0,1677,0,0,0,1677,0,16772015-11-12,11,Leeds,Commercial Street at Barratts,,Thursday,2015,4,November,45,1440,0,1440,0,0,0,1440,0,14402015-11-12,11,Leeds,Headrow,,Thursday,2015,4,November,45,1646,0,1646,0,0,0,1646,0,16462015-11-12,11,Leeds,"Dortmund Square	",,Thursday,2015,4,November,45,1502,0,1502,0,0,0,1502,0,15022015-11-12,11,Leeds,Albion Street South,,Thursday,2015,4,November,45,1816,0,1816,0,0,0,1816,0,18162015-11-12,11,Leeds,Albion Street North,,Thursday,2015,4,November,45,1117,0,1117,0,0,0,1117,0,11172015-11-12,12,Leeds,Briggate,,Thursday,2015,4,November,45,3974,0,3974,0,0,0,3974,0,39742015-11-12,12,Leeds,"Briggate at McDonalds	",,Thursday,2015,4,November,45,2187,0,2187,0,0,0,2187,0,21872015-11-12,12,Leeds,Commercial Street at Sharps,,Thursday,2015,4,November,45,2929,0,2929,0,0,0,2929,0,29292015-11-12,12,Leeds,Commercial Street at Barratts,,Thursday,2015,4,November,45,2484,0,2484,0,0,0,2484,0,24842015-11-12,12,Leeds,Headrow,,Thursday,2015,4,November,45,2520,0,2520,0,0,0,2520,0,25202015-11-12,12,Leeds,"Dortmund Square	",,Thursday,2015,4,November,45,2696,0,2696,0,0,0,2696,0,26962015-11-12,12,Leeds,Albion Street South,,Thursday,2015,4,November,45,3133,0,3133,0,0,0,3133,0,31332015-11-12,12,Leeds,Albion Street North,,Thursday,2015,4,November,45,2029,0,2029,0,0,0,2029,0,20292015-11-12,13,Leeds,Briggate,,Thursday,2015,4,November,45,4012,0,4012,0,0,0,4012,0,40122015-11-12,13,Leeds,"Briggate at McDonalds	",,Thursday,2015,4,November,45,2006,0,2006,0,0,0,2006,0,20062015-11-12,13,Leeds,Commercial Street at Sharps,,Thursday,2015,4,November,45,2809,0,2809,0,0,0,2809,0,28092015-11-12,13,Leeds,Commercial Street at Barratts,,Thursday,2015,4,November,45,2469,0,2469,0,0,0,2469,0,24692015-11-12,13,Leeds,Headrow,,Thursday,2015,4,November,45,2417,0,2417,0,0,0,2417,0,24172015-11-12,13,Leeds,"Dortmund Square	",,Thursday,2015,4,November,45,2368,0,2368,0,0,0,2368,0,23682015-11-12,13,Leeds,Albion Street South,,Thursday,2015,4,November,45,3497,0,3497,0,0,0,3497,0,34972015-11-12,13,Leeds,Albion Street North,,Thursday,2015,4,November,45,2154,0,2154,0,0,0,2154,0,21542015-11-12,14,Leeds,Briggate,,Thursday,2015,4,November,45,3035,0,3035,0,0,0,3035,0,30352015-11-12,14,Leeds,"Briggate at McDonalds	",,Thursday,2015,4,November,45,1535,0,1535,0,0,0,1535,0,15352015-11-12,14,Leeds,Commercial Street at Sharps,,Thursday,2015,4,November,45,2276,0,2276,0,0,0,2276,0,22762015-11-12,14,Leeds,Commercial Street at Barratts,,Thursday,2015,4,November,45,1796,0,1796,0,0,0,1796,0,17962015-11-12,14,Leeds,Headrow,,Thursday,2015,4,November,45,1949,0,1949,0,0,0,1949,0,19492015-11-12,14,Leeds,"Dortmund Square	",,Thursday,2015,4,November,45,2004,0,2004,0,0,0,2004,0,20042015-11-12,14,Leeds,Albion Street South,,Thursday,2015,4,November,45,2734,0,2734,0,0,0,2734,0,27342015-11-12,14,Leeds,Albion Street North,,Thursday,2015,4,November,45,1717,0,1717,0,0,0,1717,0,17172015-11-12,15,Leeds,Briggate,,Thursday,2015,4,November,45,2963,0,2963,0,0,0,2963,0,29632015-11-12,15,Leeds,"Briggate at McDonalds	",,Thursday,2015,4,November,45,1417,0,1417,0,0,0,1417,0,14172015-11-12,15,Leeds,Commercial Street at Sharps,,Thursday,2015,4,November,45,2007,0,2007,0,0,0,2007,0,20072015-11-12,15,Leeds,Commercial Street at Barratts,,Thursday,2015,4,November,45,1698,0,1698,0,0,0,1698,0,16982015-11-12,15,Leeds,Headrow,,Thursday,2015,4,November,45,1866,0,1866,0,0,0,1866,0,18662015-11-12,15,Leeds,"Dortmund Square	",,Thursday,2015,4,November,45,1948,0,1948,0,0,0,1948,0,19482015-11-12,15,Leeds,Albion Street South,,Thursday,2015,4,November,45,2658,0,2658,0,0,0,2658,0,26582015-11-12,15,Leeds,Albion Street North,,Thursday,2015,4,November,45,1681,0,1681,0,0,0,1681,0,16812015-11-12,16,Leeds,Briggate,,Thursday,2015,4,November,45,1975,0,1975,0,0,0,1975,0,19752015-11-12,16,Leeds,"Briggate at McDonalds	",,Thursday,2015,4,November,45,1526,0,1526,0,0,0,1526,0,15262015-11-12,16,Leeds,Commercial Street at Sharps,,Thursday,2015,4,November,45,1933,0,1933,0,0,0,1933,0,19332015-11-12,16,Leeds,Commercial Street at Barratts,,Thursday,2015,4,November,45,1787,0,1787,0,0,0,1787,0,17872015-11-12,16,Leeds,Headrow,,Thursday,2015,4,November,45,935,0,935,0,0,0,935,0,9352015-11-12,16,Leeds,"Dortmund Square	",,Thursday,2015,4,November,45,2237,0,2237,0,0,0,2237,0,22372015-11-12,16,Leeds,Albion Street South,,Thursday,2015,4,November,45,2450,0,2450,0,0,0,2450,0,24502015-11-12,16,Leeds,Albion Street North,,Thursday,2015,4,November,45,1293,0,1293,0,0,0,1293,0,12932015-11-12,17,Leeds,Briggate,,Thursday,2015,4,November,45,1651,0,1651,0,0,0,1651,0,16512015-11-12,17,Leeds,"Briggate at McDonalds	",,Thursday,2015,4,November,45,1734,0,1734,0,0,0,1734,0,17342015-11-12,17,Leeds,Commercial Street at Sharps,,Thursday,2015,4,November,45,1679,0,1679,0,0,0,1679,0,16792015-11-12,17,Leeds,Commercial Street at Barratts,,Thursday,2015,4,November,45,1397,0,1397,0,0,0,1397,0,13972015-11-12,17,Leeds,Headrow,,Thursday,2015,4,November,45,279,0,279,0,0,0,279,0,2792015-11-12,17,Leeds,"Dortmund Square	",,Thursday,2015,4,November,45,2334,0,2334,0,0,0,2334,0,23342015-11-12,17,Leeds,Albion Street South,,Thursday,2015,4,November,45,2584,0,2584,0,0,0,2584,0,25842015-11-12,17,Leeds,Albion Street North,,Thursday,2015,4,November,45,987,0,987,0,0,0,987,0,9872015-11-12,18,Leeds,Briggate,,Thursday,2015,4,November,45,1614,0,1614,0,0,0,1614,0,16142015-11-12,18,Leeds,"Briggate at McDonalds	",,Thursday,2015,4,November,45,2056,0,2056,0,0,0,2056,0,20562015-11-12,18,Leeds,Commercial Street at Sharps,,Thursday,2015,4,November,45,1026,0,1026,0,0,0,1026,0,10262015-11-12,18,Leeds,Commercial Street at Barratts,,Thursday,2015,4,November,45,859,0,859,0,0,0,859,0,8592015-11-12,18,Leeds,Headrow,,Thursday,2015,4,November,45,266,0,266,0,0,0,266,0,2662015-11-12,18,Leeds,"Dortmund Square	",,Thursday,2015,4,November,45,2520,0,2520,0,0,0,2520,0,25202015-11-12,18,Leeds,Albion Street South,,Thursday,2015,4,November,45,2250,0,2250,0,0,0,2250,0,22502015-11-12,18,Leeds,Albion Street North,,Thursday,2015,4,November,45,838,0,838,0,0,0,838,0,8382015-11-12,19,Leeds,Briggate,,Thursday,2015,4,November,45,1159,0,1159,0,0,0,1159,0,11592015-11-12,19,Leeds,"Briggate at McDonalds	",,Thursday,2015,4,November,45,1828,0,1828,0,0,0,1828,0,18282015-11-12,19,Leeds,Commercial Street at Sharps,,Thursday,2015,4,November,45,510,0,510,0,0,0,510,0,5102015-11-12,19,Leeds,Commercial Street at Barratts,,Thursday,2015,4,November,45,376,0,376,0,0,0,376,0,3762015-11-12,19,Leeds,Headrow,,Thursday,2015,4,November,45,238,0,238,0,0,0,238,0,2382015-11-12,19,Leeds,"Dortmund Square	",,Thursday,2015,4,November,45,1906,0,1906,0,0,0,1906,0,19062015-11-12,19,Leeds,Albion Street South,,Thursday,2015,4,November,45,1736,0,1736,0,0,0,1736,0,17362015-11-12,19,Leeds,Albion Street North,,Thursday,2015,4,November,45,786,0,786,0,0,0,786,0,7862015-11-12,20,Leeds,Briggate,,Thursday,2015,4,November,45,834,0,834,0,0,0,834,0,8342015-11-12,20,Leeds,"Briggate at McDonalds	",,Thursday,2015,4,November,45,1669,0,1669,0,0,0,1669,0,16692015-11-12,20,Leeds,Commercial Street at Sharps,,Thursday,2015,4,November,45,271,0,271,0,0,0,271,0,2712015-11-12,20,Leeds,Commercial Street at Barratts,,Thursday,2015,4,November,45,245,0,245,0,0,0,245,0,2452015-11-12,20,Leeds,Headrow,,Thursday,2015,4,November,45,174,0,174,0,0,0,174,0,1742015-11-12,20,Leeds,"Dortmund Square	",,Thursday,2015,4,November,45,1849,0,1849,0,0,0,1849,0,18492015-11-12,20,Leeds,Albion Street South,,Thursday,2015,4,November,45,1389,0,1389,0,0,0,1389,0,13892015-11-12,20,Leeds,Albion Street North,,Thursday,2015,4,November,45,399,0,399,0,0,0,399,0,3992015-11-12,21,Leeds,Briggate,,Thursday,2015,4,November,45,407,0,407,0,0,0,407,0,4072015-11-12,21,Leeds,"Briggate at McDonalds	",,Thursday,2015,4,November,45,697,0,697,0,0,0,697,0,6972015-11-12,21,Leeds,Commercial Street at Sharps,,Thursday,2015,4,November,45,149,0,149,0,0,0,149,0,1492015-11-12,21,Leeds,Commercial Street at Barratts,,Thursday,2015,4,November,45,151,0,151,0,0,0,151,0,1512015-11-12,21,Leeds,Headrow,,Thursday,2015,4,November,45,45,0,45,0,0,0,45,0,452015-11-12,21,Leeds,"Dortmund Square	",,Thursday,2015,4,November,45,699,0,699,0,0,0,699,0,6992015-11-12,21,Leeds,Albion Street South,,Thursday,2015,4,November,45,471,0,471,0,0,0,471,0,4712015-11-12,21,Leeds,Albion Street North,,Thursday,2015,4,November,45,186,0,186,0,0,0,186,0,1862015-11-12,22,Leeds,Briggate,,Thursday,2015,4,November,45,265,0,265,0,0,0,265,0,2652015-11-12,22,Leeds,"Briggate at McDonalds	",,Thursday,2015,4,November,45,361,0,361,0,0,0,361,0,3612015-11-12,22,Leeds,Commercial Street at Sharps,,Thursday,2015,4,November,45,138,0,138,0,0,0,138,0,1382015-11-12,22,Leeds,Commercial Street at Barratts,,Thursday,2015,4,November,45,134,0,134,0,0,0,134,0,1342015-11-12,22,Leeds,Headrow,,Thursday,2015,4,November,45,27,0,27,0,0,0,27,0,272015-11-12,22,Leeds,"Dortmund Square	",,Thursday,2015,4,November,45,302,0,302,0,0,0,302,0,3022015-11-12,22,Leeds,Albion Street South,,Thursday,2015,4,November,45,215,0,215,0,0,0,215,0,2152015-11-12,22,Leeds,Albion Street North,,Thursday,2015,4,November,45,84,0,84,0,0,0,84,0,842015-11-12,23,Leeds,Briggate,,Thursday,2015,4,November,45,196,0,196,0,0,0,196,0,1962015-11-12,23,Leeds,"Briggate at McDonalds	",,Thursday,2015,4,November,45,225,0,225,0,0,0,225,0,2252015-11-12,23,Leeds,Commercial Street at Sharps,,Thursday,2015,4,November,45,110,0,110,0,0,0,110,0,1102015-11-12,23,Leeds,Commercial Street at Barratts,,Thursday,2015,4,November,45,76,0,76,0,0,0,76,0,762015-11-12,23,Leeds,Headrow,,Thursday,2015,4,November,45,172,0,172,0,0,0,172,0,1722015-11-12,23,Leeds,"Dortmund Square	",,Thursday,2015,4,November,45,228,0,228,0,0,0,228,0,2282015-11-12,23,Leeds,Albion Street South,,Thursday,2015,4,November,45,131,0,131,0,0,0,131,0,1312015-11-12,23,Leeds,Albion Street North,,Thursday,2015,4,November,45,58,0,58,0,0,0,58,0,582015-11-13,0,Leeds,Briggate,,Friday,2015,4,November,45,183,0,183,0,0,0,183,0,1832015-11-13,0,Leeds,"Briggate at McDonalds	",,Friday,2015,4,November,45,132,0,132,0,0,0,132,0,1322015-11-13,0,Leeds,Commercial Street at Sharps,,Friday,2015,4,November,45,75,0,75,0,0,0,75,0,752015-11-13,0,Leeds,Commercial Street at Barratts,,Friday,2015,4,November,45,45,0,45,0,0,0,45,0,452015-11-13,0,Leeds,Headrow,,Friday,2015,4,November,45,64,0,64,0,0,0,64,0,642015-11-13,0,Leeds,"Dortmund Square	",,Friday,2015,4,November,45,104,0,104,0,0,0,104,0,1042015-11-13,0,Leeds,Albion Street South,,Friday,2015,4,November,45,117,0,117,0,0,0,117,0,1172015-11-13,0,Leeds,Albion Street North,,Friday,2015,4,November,45,39,0,39,0,0,0,39,0,392015-11-13,1,Leeds,Briggate,,Friday,2015,4,November,45,135,0,135,0,0,0,135,0,1352015-11-13,1,Leeds,"Briggate at McDonalds	",,Friday,2015,4,November,45,107,0,107,0,0,0,107,0,1072015-11-13,1,Leeds,Commercial Street at Sharps,,Friday,2015,4,November,45,41,0,41,0,0,0,41,0,412015-11-13,1,Leeds,Commercial Street at Barratts,,Friday,2015,4,November,45,26,0,26,0,0,0,26,0,262015-11-13,1,Leeds,Headrow,,Friday,2015,4,November,45,38,0,38,0,0,0,38,0,382015-11-13,1,Leeds,"Dortmund Square	",,Friday,2015,4,November,45,42,0,42,0,0,0,42,0,422015-11-13,1,Leeds,Albion Street South,,Friday,2015,4,November,45,86,0,86,0,0,0,86,0,862015-11-13,1,Leeds,Albion Street North,,Friday,2015,4,November,45,24,0,24,0,0,0,24,0,242015-11-13,2,Leeds,Briggate,,Friday,2015,4,November,45,119,0,119,0,0,0,119,0,1192015-11-13,2,Leeds,"Briggate at McDonalds	",,Friday,2015,4,November,45,93,0,93,0,0,0,93,0,932015-11-13,2,Leeds,Commercial Street at Sharps,,Friday,2015,4,November,45,38,0,38,0,0,0,38,0,382015-11-13,2,Leeds,Commercial Street at Barratts,,Friday,2015,4,November,45,0,0,0,0,0,0,0,0,02015-11-13,2,Leeds,Headrow,,Friday,2015,4,November,45,45,0,45,0,0,0,45,0,452015-11-13,2,Leeds,"Dortmund Square	",,Friday,2015,4,November,45,72,0,72,0,0,0,72,0,722015-11-13,2,Leeds,Albion Street South,,Friday,2015,4,November,45,76,0,76,0,0,0,76,0,762015-11-13,2,Leeds,Albion Street North,,Friday,2015,4,November,45,24,0,24,0,0,0,24,0,242015-11-13,3,Leeds,Briggate,,Friday,2015,4,November,45,228,0,228,0,0,0,228,0,2282015-11-13,3,Leeds,"Briggate at McDonalds	",,Friday,2015,4,November,45,138,0,138,0,0,0,138,0,1382015-11-13,3,Leeds,Commercial Street at Sharps,,Friday,2015,4,November,45,59,0,59,0,0,0,59,0,592015-11-13,3,Leeds,Commercial Street at Barratts,,Friday,2015,4,November,45,32,0,32,0,0,0,32,0,322015-11-13,3,Leeds,Headrow,,Friday,2015,4,November,45,45,0,45,0,0,0,45,0,452015-11-13,3,Leeds,"Dortmund Square	",,Friday,2015,4,November,45,107,0,107,0,0,0,107,0,1072015-11-13,3,Leeds,Albion Street South,,Friday,2015,4,November,45,65,0,65,0,0,0,65,0,652015-11-13,3,Leeds,Albion Street North,,Friday,2015,4,November,45,43,0,43,0,0,0,43,0,432015-11-13,4,Leeds,Briggate,,Friday,2015,4,November,45,123,0,123,0,0,0,123,0,1232015-11-13,4,Leeds,"Briggate at McDonalds	",,Friday,2015,4,November,45,39,0,39,0,0,0,39,0,392015-11-13,4,Leeds,Commercial Street at Sharps,,Friday,2015,4,November,45,41,0,41,0,0,0,41,0,412015-11-13,4,Leeds,Commercial Street at Barratts,,Friday,2015,4,November,45,19,0,19,0,0,0,19,0,192015-11-13,4,Leeds,Headrow,,Friday,2015,4,November,45,20,0,20,0,0,0,20,0,202015-11-13,4,Leeds,"Dortmund Square	",,Friday,2015,4,November,45,43,0,43,0,0,0,43,0,432015-11-13,4,Leeds,Albion Street South,,Friday,2015,4,November,45,150,0,150,0,0,0,150,0,1502015-11-13,4,Leeds,Albion Street North,,Friday,2015,4,November,45,89,0,89,0,0,0,89,0,892015-11-13,5,Leeds,Briggate,,Friday,2015,4,November,45,87,0,87,0,0,0,87,0,872015-11-13,5,Leeds,"Briggate at McDonalds	",,Friday,2015,4,November,45,69,0,69,0,0,0,69,0,692015-11-13,5,Leeds,Commercial Street at Sharps,,Friday,2015,4,November,45,57,0,57,0,0,0,57,0,572015-11-13,5,Leeds,Commercial Street at Barratts,,Friday,2015,4,November,45,24,0,24,0,0,0,24,0,242015-11-13,5,Leeds,Headrow,,Friday,2015,4,November,45,33,0,33,0,0,0,33,0,332015-11-13,5,Leeds,"Dortmund Square	",,Friday,2015,4,November,45,54,0,54,0,0,0,54,0,542015-11-13,5,Leeds,Albion Street South,,Friday,2015,4,November,45,64,0,64,0,0,0,64,0,642015-11-13,5,Leeds,Albion Street North,,Friday,2015,4,November,45,59,0,59,0,0,0,59,0,592015-11-13,6,Leeds,Briggate,,Friday,2015,4,November,45,162,0,162,0,0,0,162,0,1622015-11-13,6,Leeds,"Briggate at McDonalds	",,Friday,2015,4,November,45,108,0,108,0,0,0,108,0,1082015-11-13,6,Leeds,Commercial Street at Sharps,,Friday,2015,4,November,45,103,0,103,0,0,0,103,0,1032015-11-13,6,Leeds,Commercial Street at Barratts,,Friday,2015,4,November,45,54,0,54,0,0,0,54,0,542015-11-13,6,Leeds,Headrow,,Friday,2015,4,November,45,104,0,104,0,0,0,104,0,1042015-11-13,6,Leeds,"Dortmund Square	",,Friday,2015,4,November,45,147,0,147,0,0,0,147,0,1472015-11-13,6,Leeds,Albion Street South,,Friday,2015,4,November,45,82,0,82,0,0,0,82,0,822015-11-13,6,Leeds,Albion Street North,,Friday,2015,4,November,45,44,0,44,0,0,0,44,0,442015-11-13,7,Leeds,Briggate,,Friday,2015,4,November,45,412,0,412,0,0,0,412,0,4122015-11-13,7,Leeds,"Briggate at McDonalds	",,Friday,2015,4,November,45,336,0,336,0,0,0,336,0,3362015-11-13,7,Leeds,Commercial Street at Sharps,,Friday,2015,4,November,45,338,0,338,0,0,0,338,0,3382015-11-13,7,Leeds,Commercial Street at Barratts,,Friday,2015,4,November,45,211,0,211,0,0,0,211,0,2112015-11-13,7,Leeds,Headrow,,Friday,2015,4,November,45,267,0,267,0,0,0,267,0,2672015-11-13,7,Leeds,"Dortmund Square	",,Friday,2015,4,November,45,394,0,394,0,0,0,394,0,3942015-11-13,7,Leeds,Albion Street South,,Friday,2015,4,November,45,299,0,299,0,0,0,299,0,2992015-11-13,7,Leeds,Albion Street North,,Friday,2015,4,November,45,202,0,202,0,0,0,202,0,2022015-11-13,8,Leeds,Briggate,,Friday,2015,4,November,45,1086,0,1086,0,0,0,1086,0,10862015-11-13,8,Leeds,"Briggate at McDonalds	",,Friday,2015,4,November,45,632,0,632,0,0,0,632,0,6322015-11-13,8,Leeds,Commercial Street at Sharps,,Friday,2015,4,November,45,747,0,747,0,0,0,747,0,7472015-11-13,8,Leeds,Commercial Street at Barratts,,Friday,2015,4,November,45,578,0,578,0,0,0,578,0,5782015-11-13,8,Leeds,Headrow,,Friday,2015,4,November,45,520,0,520,0,0,0,520,0,5202015-11-13,8,Leeds,"Dortmund Square	",,Friday,2015,4,November,45,1180,0,1180,0,0,0,1180,0,11802015-11-13,8,Leeds,Albion Street South,,Friday,2015,4,November,45,902,0,902,0,0,0,902,0,9022015-11-13,8,Leeds,Albion Street North,,Friday,2015,4,November,45,717,0,717,0,0,0,717,0,7172015-11-13,9,Leeds,Briggate,,Friday,2015,4,November,45,1261,0,1261,0,0,0,1261,0,12612015-11-13,9,Leeds,"Briggate at McDonalds	",,Friday,2015,4,November,45,639,0,639,0,0,0,639,0,6392015-11-13,9,Leeds,Commercial Street at Sharps,,Friday,2015,4,November,45,860,0,860,0,0,0,860,0,8602015-11-13,9,Leeds,Commercial Street at Barratts,,Friday,2015,4,November,45,805,0,805,0,0,0,805,0,8052015-11-13,9,Leeds,Headrow,,Friday,2015,4,November,45,710,0,710,0,0,0,710,0,7102015-11-13,9,Leeds,"Dortmund Square	",,Friday,2015,4,November,45,958,0,958,0,0,0,958,0,9582015-11-13,9,Leeds,Albion Street South,,Friday,2015,4,November,45,1221,0,1221,0,0,0,1221,0,12212015-11-13,9,Leeds,Albion Street North,,Friday,2015,4,November,45,1297,0,1297,0,0,0,1297,0,12972015-11-13,10,Leeds,Briggate,,Friday,2015,4,November,45,1488,0,1488,0,0,0,1488,0,14882015-11-13,10,Leeds,"Briggate at McDonalds	",,Friday,2015,4,November,45,825,0,825,0,0,0,825,0,8252015-11-13,10,Leeds,Commercial Street at Sharps,,Friday,2015,4,November,45,1304,0,1304,0,0,0,1304,0,13042015-11-13,10,Leeds,Commercial Street at Barratts,,Friday,2015,4,November,45,1110,0,1110,0,0,0,1110,0,11102015-11-13,10,Leeds,Headrow,,Friday,2015,4,November,45,991,0,991,0,0,0,991,0,9912015-11-13,10,Leeds,"Dortmund Square	",,Friday,2015,4,November,45,1210,0,1210,0,0,0,1210,0,12102015-11-13,10,Leeds,Albion Street South,,Friday,2015,4,November,45,1577,0,1577,0,0,0,1577,0,15772015-11-13,10,Leeds,Albion Street North,,Friday,2015,4,November,45,1579,0,1579,0,0,0,1579,0,15792015-11-13,11,Leeds,Briggate,,Friday,2015,4,November,45,2792,0,2792,0,0,0,2792,0,27922015-11-13,11,Leeds,"Briggate at McDonalds	",,Friday,2015,4,November,45,1224,0,1224,0,0,0,1224,0,12242015-11-13,11,Leeds,Commercial Street at Sharps,,Friday,2015,4,November,45,1876,0,1876,0,0,0,1876,0,18762015-11-13,11,Leeds,Commercial Street at Barratts,,Friday,2015,4,November,45,1580,0,1580,0,0,0,1580,0,15802015-11-13,11,Leeds,Headrow,,Friday,2015,4,November,45,1440,0,1440,0,0,0,1440,0,14402015-11-13,11,Leeds,"Dortmund Square	",,Friday,2015,4,November,45,1491,0,1491,0,0,0,1491,0,14912015-11-13,11,Leeds,Albion Street South,,Friday,2015,4,November,45,2751,0,2751,0,0,0,2751,0,27512015-11-13,11,Leeds,Albion Street North,,Friday,2015,4,November,45,1815,0,1815,0,0,0,1815,0,18152015-11-13,12,Leeds,Briggate,,Friday,2015,4,November,45,4466,0,4466,0,0,0,4466,0,44662015-11-13,12,Leeds,"Briggate at McDonalds	",,Friday,2015,4,November,45,1691,0,1691,0,0,0,1691,0,16912015-11-13,12,Leeds,Commercial Street at Sharps,,Friday,2015,4,November,45,2070,0,2070,0,0,0,2070,0,20702015-11-13,12,Leeds,Commercial Street at Barratts,,Friday,2015,4,November,45,2614,0,2614,0,0,0,2614,0,26142015-11-13,12,Leeds,Headrow,,Friday,2015,4,November,45,2223,0,2223,0,0,0,2223,0,22232015-11-13,12,Leeds,"Dortmund Square	",,Friday,2015,4,November,45,2423,0,2423,0,0,0,2423,0,24232015-11-13,12,Leeds,Albion Street South,,Friday,2015,4,November,45,2554,0,2554,0,0,0,2554,0,25542015-11-13,12,Leeds,Albion Street North,,Friday,2015,4,November,45,1556,0,1556,0,0,0,1556,0,15562015-11-13,13,Leeds,Briggate,,Friday,2015,4,November,45,3785,0,3785,0,0,0,3785,0,37852015-11-13,13,Leeds,"Briggate at McDonalds	",,Friday,2015,4,November,45,1492,0,1492,0,0,0,1492,0,14922015-11-13,13,Leeds,Commercial Street at Sharps,,Friday,2015,4,November,45,2584,0,2584,0,0,0,2584,0,25842015-11-13,13,Leeds,Commercial Street at Barratts,,Friday,2015,4,November,45,2478,0,2478,0,0,0,2478,0,24782015-11-13,13,Leeds,Headrow,,Friday,2015,4,November,45,2027,0,2027,0,0,0,2027,0,20272015-11-13,13,Leeds,"Dortmund Square	",,Friday,2015,4,November,45,2121,0,2121,0,0,0,2121,0,21212015-11-13,13,Leeds,Albion Street South,,Friday,2015,4,November,45,2815,0,2815,0,0,0,2815,0,28152015-11-13,13,Leeds,Albion Street North,,Friday,2015,4,November,45,1295,0,1295,0,0,0,1295,0,12952015-11-13,14,Leeds,Briggate,,Friday,2015,4,November,45,2517,0,2517,0,0,0,2517,0,25172015-11-13,14,Leeds,"Briggate at McDonalds	",,Friday,2015,4,November,45,1263,0,1263,0,0,0,1263,0,12632015-11-13,14,Leeds,Commercial Street at Sharps,,Friday,2015,4,November,45,2642,0,2642,0,0,0,2642,0,26422015-11-13,14,Leeds,Commercial Street at Barratts,,Friday,2015,4,November,45,2175,0,2175,0,0,0,2175,0,21752015-11-13,14,Leeds,Headrow,,Friday,2015,4,November,45,1403,0,1403,0,0,0,1403,0,14032015-11-13,14,Leeds,"Dortmund Square	",,Friday,2015,4,November,45,1567,0,1567,0,0,0,1567,0,15672015-11-13,14,Leeds,Albion Street South,,Friday,2015,4,November,45,2446,0,2446,0,0,0,2446,0,24462015-11-13,14,Leeds,Albion Street North,,Friday,2015,4,November,45,1155,0,1155,0,0,0,1155,0,11552015-11-13,15,Leeds,Briggate,,Friday,2015,4,November,45,2985,0,2985,0,0,0,2985,0,29852015-11-13,15,Leeds,"Briggate at McDonalds	",,Friday,2015,4,November,45,1310,0,1310,0,0,0,1310,0,13102015-11-13,15,Leeds,Commercial Street at Sharps,,Friday,2015,4,November,45,2232,0,2232,0,0,0,2232,0,22322015-11-13,15,Leeds,Commercial Street at Barratts,,Friday,2015,4,November,45,1949,0,1949,0,0,0,1949,0,19492015-11-13,15,Leeds,Headrow,,Friday,2015,4,November,45,1549,0,1549,0,0,0,1549,0,15492015-11-13,15,Leeds,"Dortmund Square	",,Friday,2015,4,November,45,1899,0,1899,0,0,0,1899,0,18992015-11-13,15,Leeds,Albion Street South,,Friday,2015,4,November,45,2149,0,2149,0,0,0,2149,0,21492015-11-13,15,Leeds,Albion Street North,,Friday,2015,4,November,45,801,0,801,0,0,0,801,0,8012015-11-13,16,Leeds,Briggate,,Friday,2015,4,November,45,1841,0,1841,0,0,0,1841,0,18412015-11-13,16,Leeds,"Briggate at McDonalds	",,Friday,2015,4,November,45,1548,0,1548,0,0,0,1548,0,15482015-11-13,16,Leeds,Commercial Street at Sharps,,Friday,2015,4,November,45,2294,0,2294,0,0,0,2294,0,22942015-11-13,16,Leeds,Commercial Street at Barratts,,Friday,2015,4,November,45,1918,0,1918,0,0,0,1918,0,19182015-11-13,16,Leeds,Headrow,,Friday,2015,4,November,45,743,0,743,0,0,0,743,0,7432015-11-13,16,Leeds,"Dortmund Square	",,Friday,2015,4,November,45,2319,0,2319,0,0,0,2319,0,23192015-11-13,16,Leeds,Albion Street South,,Friday,2015,4,November,45,2345,0,2345,0,0,0,2345,0,23452015-11-13,16,Leeds,Albion Street North,,Friday,2015,4,November,45,777,0,777,0,0,0,777,0,7772015-11-13,17,Leeds,Briggate,,Friday,2015,4,November,45,1430,0,1430,0,0,0,1430,0,14302015-11-13,17,Leeds,"Briggate at McDonalds	",,Friday,2015,4,November,45,1408,0,1408,0,0,0,1408,0,14082015-11-13,17,Leeds,Commercial Street at Sharps,,Friday,2015,4,November,45,1969,0,1969,0,0,0,1969,0,19692015-11-13,17,Leeds,Commercial Street at Barratts,,Friday,2015,4,November,45,1640,0,1640,0,0,0,1640,0,16402015-11-13,17,Leeds,Headrow,,Friday,2015,4,November,45,180,0,180,0,0,0,180,0,1802015-11-13,17,Leeds,"Dortmund Square	",,Friday,2015,4,November,45,1982,0,1982,0,0,0,1982,0,19822015-11-13,17,Leeds,Albion Street South,,Friday,2015,4,November,45,2417,0,2417,0,0,0,2417,0,24172015-11-13,17,Leeds,Albion Street North,,Friday,2015,4,November,45,600,0,600,0,0,0,600,0,6002015-11-13,18,Leeds,Briggate,,Friday,2015,4,November,45,962,0,962,0,0,0,962,0,9622015-11-13,18,Leeds,"Briggate at McDonalds	",,Friday,2015,4,November,45,797,0,797,0,0,0,797,0,7972015-11-13,18,Leeds,Commercial Street at Sharps,,Friday,2015,4,November,45,950,0,950,0,0,0,950,0,9502015-11-13,18,Leeds,Commercial Street at Barratts,,Friday,2015,4,November,45,773,0,773,0,0,0,773,0,7732015-11-13,18,Leeds,Headrow,,Friday,2015,4,November,45,87,0,87,0,0,0,87,0,872015-11-13,18,Leeds,"Dortmund Square	",,Friday,2015,4,November,45,1261,0,1261,0,0,0,1261,0,12612015-11-13,18,Leeds,Albion Street South,,Friday,2015,4,November,45,1174,0,1174,0,0,0,1174,0,11742015-11-13,18,Leeds,Albion Street North,,Friday,2015,4,November,45,287,0,287,0,0,0,287,0,2872015-11-13,19,Leeds,Briggate,,Friday,2015,4,November,45,627,0,627,0,0,0,627,0,6272015-11-13,19,Leeds,"Briggate at McDonalds	",,Friday,2015,4,November,45,665,0,665,0,0,0,665,0,6652015-11-13,19,Leeds,Commercial Street at Sharps,,Friday,2015,4,November,45,650,0,650,0,0,0,650,0,6502015-11-13,19,Leeds,Commercial Street at Barratts,,Friday,2015,4,November,45,396,0,396,0,0,0,396,0,3962015-11-13,19,Leeds,Headrow,,Friday,2015,4,November,45,85,0,85,0,0,0,85,0,852015-11-13,19,Leeds,"Dortmund Square	",,Friday,2015,4,November,45,937,0,937,0,0,0,937,0,9372015-11-13,19,Leeds,Albion Street South,,Friday,2015,4,November,45,857,0,857,0,0,0,857,0,8572015-11-13,19,Leeds,Albion Street North,,Friday,2015,4,November,45,72,0,72,0,0,0,72,0,722015-11-13,20,Leeds,Briggate,,Friday,2015,4,November,45,366,0,366,0,0,0,366,0,3662015-11-13,20,Leeds,"Briggate at McDonalds	",,Friday,2015,4,November,45,436,0,436,0,0,0,436,0,4362015-11-13,20,Leeds,Commercial Street at Sharps,,Friday,2015,4,November,45,367,0,367,0,0,0,367,0,3672015-11-13,20,Leeds,Commercial Street at Barratts,,Friday,2015,4,November,45,269,0,269,0,0,0,269,0,2692015-11-13,20,Leeds,Headrow,,Friday,2015,4,November,45,35,0,35,0,0,0,35,0,352015-11-13,20,Leeds,"Dortmund Square	",,Friday,2015,4,November,45,614,0,614,0,0,0,614,0,6142015-11-13,20,Leeds,Albion Street South,,Friday,2015,4,November,45,623,0,623,0,0,0,623,0,6232015-11-13,20,Leeds,Albion Street North,,Friday,2015,4,November,45,137,0,137,0,0,0,137,0,1372015-11-13,21,Leeds,Briggate,,Friday,2015,4,November,45,351,0,351,0,0,0,351,0,3512015-11-13,21,Leeds,"Briggate at McDonalds	",,Friday,2015,4,November,45,406,0,406,0,0,0,406,0,4062015-11-13,21,Leeds,Commercial Street at Sharps,,Friday,2015,4,November,45,267,0,267,0,0,0,267,0,2672015-11-13,21,Leeds,Commercial Street at Barratts,,Friday,2015,4,November,45,240,0,240,0,0,0,240,0,2402015-11-13,21,Leeds,Headrow,,Friday,2015,4,November,45,48,0,48,0,0,0,48,0,482015-11-13,21,Leeds,"Dortmund Square	",,Friday,2015,4,November,45,375,0,375,0,0,0,375,0,3752015-11-13,21,Leeds,Albion Street South,,Friday,2015,4,November,45,319,0,319,0,0,0,319,0,3192015-11-13,21,Leeds,Albion Street North,,Friday,2015,4,November,45,86,0,86,0,0,0,86,0,862015-11-13,22,Leeds,Briggate,,Friday,2015,4,November,45,417,0,417,0,0,0,417,0,4172015-11-13,22,Leeds,"Briggate at McDonalds	",,Friday,2015,4,November,45,363,0,363,0,0,0,363,0,3632015-11-13,22,Leeds,Commercial Street at Sharps,,Friday,2015,4,November,45,218,0,218,0,0,0,218,0,2182015-11-13,22,Leeds,Commercial Street at Barratts,,Friday,2015,4,November,45,177,0,177,0,0,0,177,0,1772015-11-13,22,Leeds,Headrow,,Friday,2015,4,November,45,71,0,71,0,0,0,71,0,712015-11-13,22,Leeds,"Dortmund Square	",,Friday,2015,4,November,45,334,0,334,0,0,0,334,0,3342015-11-13,22,Leeds,Albion Street South,,Friday,2015,4,November,45,257,0,257,0,0,0,257,0,2572015-11-13,22,Leeds,Albion Street North,,Friday,2015,4,November,45,112,0,112,0,0,0,112,0,1122015-11-13,23,Leeds,Briggate,,Friday,2015,4,November,45,345,0,345,0,0,0,345,0,3452015-11-13,23,Leeds,"Briggate at McDonalds	",,Friday,2015,4,November,45,338,0,338,0,0,0,338,0,3382015-11-13,23,Leeds,Commercial Street at Sharps,,Friday,2015,4,November,45,149,0,149,0,0,0,149,0,1492015-11-13,23,Leeds,Commercial Street at Barratts,,Friday,2015,4,November,45,162,0,162,0,0,0,162,0,1622015-11-13,23,Leeds,Headrow,,Friday,2015,4,November,45,138,0,138,0,0,0,138,0,1382015-11-13,23,Leeds,"Dortmund Square	",,Friday,2015,4,November,45,259,0,259,0,0,0,259,0,2592015-11-13,23,Leeds,Albion Street South,,Friday,2015,4,November,45,122,0,122,0,0,0,122,0,1222015-11-13,23,Leeds,Albion Street North,,Friday,2015,4,November,45,64,0,64,0,0,0,64,0,642015-11-14,0,Leeds,Briggate,,Saturday,2015,4,November,45,361,0,361,0,0,0,361,0,3612015-11-14,0,Leeds,"Briggate at McDonalds	",,Saturday,2015,4,November,45,297,0,297,0,0,0,297,0,2972015-11-14,0,Leeds,Commercial Street at Sharps,,Saturday,2015,4,November,45,138,0,138,0,0,0,138,0,1382015-11-14,0,Leeds,Commercial Street at Barratts,,Saturday,2015,4,November,45,165,0,165,0,0,0,165,0,1652015-11-14,0,Leeds,Headrow,,Saturday,2015,4,November,45,91,0,91,0,0,0,91,0,912015-11-14,0,Leeds,"Dortmund Square	",,Saturday,2015,4,November,45,189,0,189,0,0,0,189,0,1892015-11-14,0,Leeds,Albion Street South,,Saturday,2015,4,November,45,82,0,82,0,0,0,82,0,822015-11-14,0,Leeds,Albion Street North,,Saturday,2015,4,November,45,38,0,38,0,0,0,38,0,382015-11-14,1,Leeds,Briggate,,Saturday,2015,4,November,45,288,0,288,0,0,0,288,0,2882015-11-14,1,Leeds,"Briggate at McDonalds	",,Saturday,2015,4,November,45,253,0,253,0,0,0,253,0,2532015-11-14,1,Leeds,Commercial Street at Sharps,,Saturday,2015,4,November,45,111,0,111,0,0,0,111,0,1112015-11-14,1,Leeds,Commercial Street at Barratts,,Saturday,2015,4,November,45,70,0,70,0,0,0,70,0,702015-11-14,1,Leeds,Headrow,,Saturday,2015,4,November,45,56,0,56,0,0,0,56,0,562015-11-14,1,Leeds,"Dortmund Square	",,Saturday,2015,4,November,45,145,0,145,0,0,0,145,0,1452015-11-14,1,Leeds,Albion Street South,,Saturday,2015,4,November,45,122,0,122,0,0,0,122,0,1222015-11-14,1,Leeds,Albion Street North,,Saturday,2015,4,November,45,19,0,19,0,0,0,19,0,192015-11-14,2,Leeds,Briggate,,Saturday,2015,4,November,45,247,0,247,0,0,0,247,0,2472015-11-14,2,Leeds,"Briggate at McDonalds	",,Saturday,2015,4,November,45,180,0,180,0,0,0,180,0,1802015-11-14,2,Leeds,Commercial Street at Sharps,,Saturday,2015,4,November,45,41,0,41,0,0,0,41,0,412015-11-14,2,Leeds,Commercial Street at Barratts,,Saturday,2015,4,November,45,31,0,31,0,0,0,31,0,312015-11-14,2,Leeds,Headrow,,Saturday,2015,4,November,45,31,0,31,0,0,0,31,0,312015-11-14,2,Leeds,"Dortmund Square	",,Saturday,2015,4,November,45,100,0,100,0,0,0,100,0,1002015-11-14,2,Leeds,Albion Street South,,Saturday,2015,4,November,45,106,0,106,0,0,0,106,0,1062015-11-14,2,Leeds,Albion Street North,,Saturday,2015,4,November,45,43,0,43,0,0,0,43,0,432015-11-14,3,Leeds,Briggate,,Saturday,2015,4,November,45,227,0,227,0,0,0,227,0,2272015-11-14,3,Leeds,"Briggate at McDonalds	",,Saturday,2015,4,November,45,123,0,123,0,0,0,123,0,1232015-11-14,3,Leeds,Commercial Street at Sharps,,Saturday,2015,4,November,45,45,0,45,0,0,0,45,0,452015-11-14,3,Leeds,Commercial Street at Barratts,,Saturday,2015,4,November,45,31,0,31,0,0,0,31,0,312015-11-14,3,Leeds,Headrow,,Saturday,2015,4,November,45,47,0,47,0,0,0,47,0,472015-11-14,3,Leeds,"Dortmund Square	",,Saturday,2015,4,November,45,86,0,86,0,0,0,86,0,862015-11-14,3,Leeds,Albion Street South,,Saturday,2015,4,November,45,93,0,93,0,0,0,93,0,932015-11-14,3,Leeds,Albion Street North,,Saturday,2015,4,November,45,38,0,38,0,0,0,38,0,382015-11-14,4,Leeds,Briggate,,Saturday,2015,4,November,45,198,0,198,0,0,0,198,0,1982015-11-14,4,Leeds,"Briggate at McDonalds	",,Saturday,2015,4,November,45,98,0,98,0,0,0,98,0,982015-11-14,4,Leeds,Commercial Street at Sharps,,Saturday,2015,4,November,45,50,0,50,0,0,0,50,0,502015-11-14,4,Leeds,Commercial Street at Barratts,,Saturday,2015,4,November,45,3,0,3,0,0,0,3,0,32015-11-14,4,Leeds,Headrow,,Saturday,2015,4,November,45,26,0,26,0,0,0,26,0,262015-11-14,4,Leeds,"Dortmund Square	",,Saturday,2015,4,November,45,40,0,40,0,0,0,40,0,402015-11-14,4,Leeds,Albion Street South,,Saturday,2015,4,November,45,29,0,29,0,0,0,29,0,292015-11-14,4,Leeds,Albion Street North,,Saturday,2015,4,November,45,42,0,42,0,0,0,42,0,422015-11-14,5,Leeds,Briggate,,Saturday,2015,4,November,45,82,0,82,0,0,0,82,0,822015-11-14,5,Leeds,"Briggate at McDonalds	",,Saturday,2015,4,November,45,54,0,54,0,0,0,54,0,542015-11-14,5,Leeds,Commercial Street at Sharps,,Saturday,2015,4,November,45,41,0,41,0,0,0,41,0,412015-11-14,5,Leeds,Commercial Street at Barratts,,Saturday,2015,4,November,45,15,0,15,0,0,0,15,0,152015-11-14,5,Leeds,Headrow,,Saturday,2015,4,November,45,16,0,16,0,0,0,16,0,162015-11-14,5,Leeds,"Dortmund Square	",,Saturday,2015,4,November,45,30,0,30,0,0,0,30,0,302015-11-14,5,Leeds,Albion Street South,,Saturday,2015,4,November,45,30,0,30,0,0,0,30,0,302015-11-14,5,Leeds,Albion Street North,,Saturday,2015,4,November,45,26,0,26,0,0,0,26,0,262015-11-14,6,Leeds,Briggate,,Saturday,2015,4,November,45,137,0,137,0,0,0,137,0,1372015-11-14,6,Leeds,"Briggate at McDonalds	",,Saturday,2015,4,November,45,110,0,110,0,0,0,110,0,1102015-11-14,6,Leeds,Commercial Street at Sharps,,Saturday,2015,4,November,45,43,0,43,0,0,0,43,0,432015-11-14,6,Leeds,Commercial Street at Barratts,,Saturday,2015,4,November,45,31,0,31,0,0,0,31,0,312015-11-14,6,Leeds,Headrow,,Saturday,2015,4,November,45,36,0,36,0,0,0,36,0,362015-11-14,6,Leeds,"Dortmund Square	",,Saturday,2015,4,November,45,52,0,52,0,0,0,52,0,522015-11-14,6,Leeds,Albion Street South,,Saturday,2015,4,November,45,33,0,33,0,0,0,33,0,332015-11-14,6,Leeds,Albion Street North,,Saturday,2015,4,November,45,12,0,12,0,0,0,12,0,122015-11-14,7,Leeds,Briggate,,Saturday,2015,4,November,45,140,0,140,0,0,0,140,0,1402015-11-14,7,Leeds,"Briggate at McDonalds	",,Saturday,2015,4,November,45,142,0,142,0,0,0,142,0,1422015-11-14,7,Leeds,Commercial Street at Sharps,,Saturday,2015,4,November,45,116,0,116,0,0,0,116,0,1162015-11-14,7,Leeds,Commercial Street at Barratts,,Saturday,2015,4,November,45,79,0,79,0,0,0,79,0,792015-11-14,7,Leeds,Headrow,,Saturday,2015,4,November,45,102,0,102,0,0,0,102,0,1022015-11-14,7,Leeds,"Dortmund Square	",,Saturday,2015,4,November,45,102,0,102,0,0,0,102,0,1022015-11-14,7,Leeds,Albion Street South,,Saturday,2015,4,November,45,94,0,94,0,0,0,94,0,942015-11-14,7,Leeds,Albion Street North,,Saturday,2015,4,November,45,48,0,48,0,0,0,48,0,482015-11-14,8,Leeds,Briggate,,Saturday,2015,4,November,45,537,0,537,0,0,0,537,0,5372015-11-14,8,Leeds,"Briggate at McDonalds	",,Saturday,2015,4,November,45,315,0,315,0,0,0,315,0,3152015-11-14,8,Leeds,Commercial Street at Sharps,,Saturday,2015,4,November,45,400,0,400,0,0,0,400,0,4002015-11-14,8,Leeds,Commercial Street at Barratts,,Saturday,2015,4,November,45,296,0,296,0,0,0,296,0,2962015-11-14,8,Leeds,Headrow,,Saturday,2015,4,November,45,323,0,323,0,0,0,323,0,3232015-11-14,8,Leeds,"Dortmund Square	",,Saturday,2015,4,November,45,260,0,260,0,0,0,260,0,2602015-11-14,8,Leeds,Albion Street South,,Saturday,2015,4,November,45,421,0,421,0,0,0,421,0,4212015-11-14,8,Leeds,Albion Street North,,Saturday,2015,4,November,45,218,0,218,0,0,0,218,0,2182015-11-14,9,Leeds,Briggate,,Saturday,2015,4,November,45,1296,0,1296,0,0,0,1296,0,12962015-11-14,9,Leeds,"Briggate at McDonalds	",,Saturday,2015,4,November,45,603,0,603,0,0,0,603,0,6032015-11-14,9,Leeds,Commercial Street at Sharps,,Saturday,2015,4,November,45,1073,0,1073,0,0,0,1073,0,10732015-11-14,9,Leeds,Commercial Street at Barratts,,Saturday,2015,4,November,45,870,0,870,0,0,0,870,0,8702015-11-14,9,Leeds,Headrow,,Saturday,2015,4,November,45,788,0,788,0,0,0,788,0,7882015-11-14,9,Leeds,"Dortmund Square	",,Saturday,2015,4,November,45,674,0,674,0,0,0,674,0,6742015-11-14,9,Leeds,Albion Street South,,Saturday,2015,4,November,45,948,0,948,0,0,0,948,0,9482015-11-14,9,Leeds,Albion Street North,,Saturday,2015,4,November,45,535,0,535,0,0,0,535,0,5352015-11-14,10,Leeds,Briggate,,Saturday,2015,4,November,45,2692,0,2692,0,0,0,2692,0,26922015-11-14,10,Leeds,"Briggate at McDonalds	",,Saturday,2015,4,November,45,1010,0,1010,0,0,0,1010,0,10102015-11-14,10,Leeds,Commercial Street at Sharps,,Saturday,2015,4,November,45,1877,0,1877,0,0,0,1877,0,18772015-11-14,10,Leeds,Commercial Street at Barratts,,Saturday,2015,4,November,45,1804,0,1804,0,0,0,1804,0,18042015-11-14,10,Leeds,Headrow,,Saturday,2015,4,November,45,1272,0,1272,0,0,0,1272,0,12722015-11-14,10,Leeds,"Dortmund Square	",,Saturday,2015,4,November,45,1285,0,1285,0,0,0,1285,0,12852015-11-14,10,Leeds,Albion Street South,,Saturday,2015,4,November,45,1775,0,1775,0,0,0,1775,0,17752015-11-14,10,Leeds,Albion Street North,,Saturday,2015,4,November,45,724,0,724,0,0,0,724,0,7242015-11-14,11,Leeds,Briggate,,Saturday,2015,4,November,45,4601,0,4601,0,0,0,4601,0,46012015-11-14,11,Leeds,"Briggate at McDonalds	",,Saturday,2015,4,November,45,1759,0,1759,0,0,0,1759,0,17592015-11-14,11,Leeds,Commercial Street at Sharps,,Saturday,2015,4,November,45,3143,0,3143,0,0,0,3143,0,31432015-11-14,11,Leeds,Commercial Street at Barratts,,Saturday,2015,4,November,45,2938,0,2938,0,0,0,2938,0,29382015-11-14,11,Leeds,Headrow,,Saturday,2015,4,November,45,2205,0,2205,0,0,0,2205,0,22052015-11-14,11,Leeds,"Dortmund Square	",,Saturday,2015,4,November,45,2076,0,2076,0,0,0,2076,0,20762015-11-14,11,Leeds,Albion Street South,,Saturday,2015,4,November,45,3636,0,3636,0,0,0,3636,0,36362015-11-14,11,Leeds,Albion Street North,,Saturday,2015,4,November,45,1170,0,1170,0,0,0,1170,0,11702015-11-14,12,Leeds,Briggate,,Saturday,2015,4,November,45,5881,0,5881,0,0,0,5881,0,58812015-11-14,12,Leeds,"Briggate at McDonalds	",,Saturday,2015,4,November,45,2196,0,2196,0,0,0,2196,0,21962015-11-14,12,Leeds,Commercial Street at Sharps,,Saturday,2015,4,November,45,4105,0,4105,0,0,0,4105,0,41052015-11-14,12,Leeds,Commercial Street at Barratts,,Saturday,2015,4,November,45,4023,0,4023,0,0,0,4023,0,40232015-11-14,12,Leeds,Headrow,,Saturday,2015,4,November,45,2579,0,2579,0,0,0,2579,0,25792015-11-14,12,Leeds,"Dortmund Square	",,Saturday,2015,4,November,45,2616,0,2616,0,0,0,2616,0,26162015-11-14,12,Leeds,Albion Street South,,Saturday,2015,4,November,45,5931,0,5931,0,0,0,5931,0,59312015-11-14,12,Leeds,Albion Street North,,Saturday,2015,4,November,45,1829,0,1829,0,0,0,1829,0,18292015-11-14,13,Leeds,Briggate,,Saturday,2015,4,November,45,7212,0,7212,0,0,0,7212,0,72122015-11-14,13,Leeds,"Briggate at McDonalds	",,Saturday,2015,4,November,45,2480,0,2480,0,0,0,2480,0,24802015-11-14,13,Leeds,Commercial Street at Sharps,,Saturday,2015,4,November,45,4437,0,4437,0,0,0,4437,0,44372015-11-14,13,Leeds,Commercial Street at Barratts,,Saturday,2015,4,November,45,4293,0,4293,0,0,0,4293,0,42932015-11-14,13,Leeds,Headrow,,Saturday,2015,4,November,45,2765,0,2765,0,0,0,2765,0,27652015-11-14,13,Leeds,"Dortmund Square	",,Saturday,2015,4,November,45,2900,0,2900,0,0,0,2900,0,29002015-11-14,13,Leeds,Albion Street South,,Saturday,2015,4,November,45,6688,0,6688,0,0,0,6688,0,66882015-11-14,13,Leeds,Albion Street North,,Saturday,2015,4,November,45,2095,0,2095,0,0,0,2095,0,20952015-11-14,14,Leeds,Briggate,,Saturday,2015,4,November,45,7697,0,7697,0,0,0,7697,0,76972015-11-14,14,Leeds,"Briggate at McDonalds	",,Saturday,2015,4,November,45,2691,0,2691,0,0,0,2691,0,26912015-11-14,14,Leeds,Commercial Street at Sharps,,Saturday,2015,4,November,45,4541,0,4541,0,0,0,4541,0,45412015-11-14,14,Leeds,Commercial Street at Barratts,,Saturday,2015,4,November,45,4312,0,4312,0,0,0,4312,0,43122015-11-14,14,Leeds,Headrow,,Saturday,2015,4,November,45,2680,0,2680,0,0,0,2680,0,26802015-11-14,14,Leeds,"Dortmund Square	",,Saturday,2015,4,November,45,3095,0,3095,0,0,0,3095,0,30952015-11-14,14,Leeds,Albion Street South,,Saturday,2015,4,November,45,5759,0,5759,0,0,0,5759,0,57592015-11-14,14,Leeds,Albion Street North,,Saturday,2015,4,November,45,2123,0,2123,0,0,0,2123,0,21232015-11-14,15,Leeds,Briggate,,Saturday,2015,4,November,45,6383,0,6383,0,0,0,6383,0,63832015-11-14,15,Leeds,"Briggate at McDonalds	",,Saturday,2015,4,November,45,2519,0,2519,0,0,0,2519,0,25192015-11-14,15,Leeds,Commercial Street at Sharps,,Saturday,2015,4,November,45,4304,0,4304,0,0,0,4304,0,43042015-11-14,15,Leeds,Commercial Street at Barratts,,Saturday,2015,4,November,45,4385,0,4385,0,0,0,4385,0,43852015-11-14,15,Leeds,Headrow,,Saturday,2015,4,November,45,3051,0,3051,0,0,0,3051,0,30512015-11-14,15,Leeds,"Dortmund Square	",,Saturday,2015,4,November,45,2973,0,2973,0,0,0,2973,0,29732015-11-14,15,Leeds,Albion Street South,,Saturday,2015,4,November,45,4677,0,4677,0,0,0,4677,0,46772015-11-14,15,Leeds,Albion Street North,,Saturday,2015,4,November,45,1934,0,1934,0,0,0,1934,0,19342015-11-14,16,Leeds,Briggate,,Saturday,2015,4,November,45,2923,0,2923,0,0,0,2923,0,29232015-11-14,16,Leeds,"Briggate at McDonalds	",,Saturday,2015,4,November,45,1990,0,1990,0,0,0,1990,0,19902015-11-14,16,Leeds,Commercial Street at Sharps,,Saturday,2015,4,November,45,2969,0,2969,0,0,0,2969,0,29692015-11-14,16,Leeds,Commercial Street at Barratts,,Saturday,2015,4,November,45,3292,0,3292,0,0,0,3292,0,32922015-11-14,16,Leeds,Headrow,,Saturday,2015,4,November,45,1001,0,1001,0,0,0,1001,0,10012015-11-14,16,Leeds,"Dortmund Square	",,Saturday,2015,4,November,45,2480,0,2480,0,0,0,2480,0,24802015-11-14,16,Leeds,Albion Street South,,Saturday,2015,4,November,45,5005,0,5005,0,0,0,5005,0,50052015-11-14,16,Leeds,Albion Street North,,Saturday,2015,4,November,45,1481,0,1481,0,0,0,1481,0,14812015-11-14,17,Leeds,Briggate,,Saturday,2015,4,November,45,2080,0,2080,0,0,0,2080,0,20802015-11-14,17,Leeds,"Briggate at McDonalds	",,Saturday,2015,4,November,45,1387,0,1387,0,0,0,1387,0,13872015-11-14,17,Leeds,Commercial Street at Sharps,,Saturday,2015,4,November,45,1951,0,1951,0,0,0,1951,0,19512015-11-14,17,Leeds,Commercial Street at Barratts,,Saturday,2015,4,November,45,2038,0,2038,0,0,0,2038,0,20382015-11-14,17,Leeds,Headrow,,Saturday,2015,4,November,45,635,0,635,0,0,0,635,0,6352015-11-14,17,Leeds,"Dortmund Square	",,Saturday,2015,4,November,45,1877,0,1877,0,0,0,1877,0,18772015-11-14,17,Leeds,Albion Street South,,Saturday,2015,4,November,45,3704,0,3704,0,0,0,3704,0,37042015-11-14,17,Leeds,Albion Street North,,Saturday,2015,4,November,45,919,0,919,0,0,0,919,0,9192015-11-14,18,Leeds,Briggate,,Saturday,2015,4,November,45,1378,0,1378,0,0,0,1378,0,13782015-11-14,18,Leeds,"Briggate at McDonalds	",,Saturday,2015,4,November,45,1135,0,1135,0,0,0,1135,0,11352015-11-14,18,Leeds,Commercial Street at Sharps,,Saturday,2015,4,November,45,1004,0,1004,0,0,0,1004,0,10042015-11-14,18,Leeds,Commercial Street at Barratts,,Saturday,2015,4,November,45,914,0,914,0,0,0,914,0,9142015-11-14,18,Leeds,Headrow,,Saturday,2015,4,November,45,258,0,258,0,0,0,258,0,2582015-11-14,18,Leeds,"Dortmund Square	",,Saturday,2015,4,November,45,1369,0,1369,0,0,0,1369,0,13692015-11-14,18,Leeds,Albion Street South,,Saturday,2015,4,November,45,1873,0,1873,0,0,0,1873,0,18732015-11-14,18,Leeds,Albion Street North,,Saturday,2015,4,November,45,614,0,614,0,0,0,614,0,6142015-11-14,19,Leeds,Briggate,,Saturday,2015,4,November,45,621,0,621,0,0,0,621,0,6212015-11-14,19,Leeds,"Briggate at McDonalds	",,Saturday,2015,4,November,45,778,0,778,0,0,0,778,0,7782015-11-14,19,Leeds,Commercial Street at Sharps,,Saturday,2015,4,November,45,665,0,665,0,0,0,665,0,6652015-11-14,19,Leeds,Commercial Street at Barratts,,Saturday,2015,4,November,45,522,0,522,0,0,0,522,0,5222015-11-14,19,Leeds,Headrow,,Saturday,2015,4,November,45,87,0,87,0,0,0,87,0,872015-11-14,19,Leeds,"Dortmund Square	",,Saturday,2015,4,November,45,900,0,900,0,0,0,900,0,9002015-11-14,19,Leeds,Albion Street South,,Saturday,2015,4,November,45,1235,0,1235,0,0,0,1235,0,12352015-11-14,19,Leeds,Albion Street North,,Saturday,2015,4,November,45,300,0,300,0,0,0,300,0,3002015-11-14,20,Leeds,Briggate,,Saturday,2015,4,November,45,424,0,424,0,0,0,424,0,4242015-11-14,20,Leeds,"Briggate at McDonalds	",,Saturday,2015,4,November,45,498,0,498,0,0,0,498,0,4982015-11-14,20,Leeds,Commercial Street at Sharps,,Saturday,2015,4,November,45,390,0,390,0,0,0,390,0,3902015-11-14,20,Leeds,Commercial Street at Barratts,,Saturday,2015,4,November,45,365,0,365,0,0,0,365,0,3652015-11-14,20,Leeds,Headrow,,Saturday,2015,4,November,45,101,0,101,0,0,0,101,0,1012015-11-14,20,Leeds,"Dortmund Square	",,Saturday,2015,4,November,45,558,0,558,0,0,0,558,0,5582015-11-14,20,Leeds,Albion Street South,,Saturday,2015,4,November,45,764,0,764,0,0,0,764,0,7642015-11-14,20,Leeds,Albion Street North,,Saturday,2015,4,November,45,193,0,193,0,0,0,193,0,1932015-11-14,21,Leeds,Briggate,,Saturday,2015,4,November,45,307,0,307,0,0,0,307,0,3072015-11-14,21,Leeds,"Briggate at McDonalds	",,Saturday,2015,4,November,45,428,0,428,0,0,0,428,0,4282015-11-14,21,Leeds,Commercial Street at Sharps,,Saturday,2015,4,November,45,253,0,253,0,0,0,253,0,2532015-11-14,21,Leeds,Commercial Street at Barratts,,Saturday,2015,4,November,45,258,0,258,0,0,0,258,0,2582015-11-14,21,Leeds,Headrow,,Saturday,2015,4,November,45,341,0,341,0,0,0,341,0,3412015-11-14,21,Leeds,"Dortmund Square	",,Saturday,2015,4,November,45,389,0,389,0,0,0,389,0,3892015-11-14,21,Leeds,Albion Street South,,Saturday,2015,4,November,45,419,0,419,0,0,0,419,0,4192015-11-14,21,Leeds,Albion Street North,,Saturday,2015,4,November,45,119,0,119,0,0,0,119,0,1192015-11-14,22,Leeds,Briggate,,Saturday,2015,4,November,45,343,0,343,0,0,0,343,0,3432015-11-14,22,Leeds,"Briggate at McDonalds	",,Saturday,2015,4,November,45,535,0,535,0,0,0,535,0,5352015-11-14,22,Leeds,Commercial Street at Sharps,,Saturday,2015,4,November,45,226,0,226,0,0,0,226,0,2262015-11-14,22,Leeds,Commercial Street at Barratts,,Saturday,2015,4,November,45,231,0,231,0,0,0,231,0,2312015-11-14,22,Leeds,Headrow,,Saturday,2015,4,November,45,296,0,296,0,0,0,296,0,2962015-11-14,22,Leeds,"Dortmund Square	",,Saturday,2015,4,November,45,370,0,370,0,0,0,370,0,3702015-11-14,22,Leeds,Albion Street South,,Saturday,2015,4,November,45,223,0,223,0,0,0,223,0,2232015-11-14,22,Leeds,Albion Street North,,Saturday,2015,4,November,45,88,0,88,0,0,0,88,0,882015-11-14,23,Leeds,Briggate,,Saturday,2015,4,November,45,326,0,326,0,0,0,326,0,3262015-11-14,23,Leeds,"Briggate at McDonalds	",,Saturday,2015,4,November,45,331,0,331,0,0,0,331,0,3312015-11-14,23,Leeds,Commercial Street at Sharps,,Saturday,2015,4,November,45,155,0,155,0,0,0,155,0,1552015-11-14,23,Leeds,Commercial Street at Barratts,,Saturday,2015,4,November,45,301,0,301,0,0,0,301,0,3012015-11-14,23,Leeds,Headrow,,Saturday,2015,4,November,45,317,0,317,0,0,0,317,0,3172015-11-14,23,Leeds,"Dortmund Square	",,Saturday,2015,4,November,45,280,0,280,0,0,0,280,0,2802015-11-14,23,Leeds,Albion Street South,,Saturday,2015,4,November,45,154,0,154,0,0,0,154,0,1542015-11-14,23,Leeds,Albion Street North,,Saturday,2015,4,November,45,51,0,51,0,0,0,51,0,512015-11-15,0,Leeds,Briggate,,Sunday,2015,4,November,45,315,0,315,0,0,0,315,0,3152015-11-15,0,Leeds,"Briggate at McDonalds	",,Sunday,2015,4,November,45,305,0,305,0,0,0,305,0,3052015-11-15,0,Leeds,Commercial Street at Sharps,,Sunday,2015,4,November,45,139,0,139,0,0,0,139,0,1392015-11-15,0,Leeds,Commercial Street at Barratts,,Sunday,2015,4,November,45,315,0,315,0,0,0,315,0,3152015-11-15,0,Leeds,Headrow,,Sunday,2015,4,November,45,332,0,332,0,0,0,332,0,3322015-11-15,0,Leeds,"Dortmund Square	",,Sunday,2015,4,November,45,224,0,224,0,0,0,224,0,2242015-11-15,0,Leeds,Albion Street South,,Sunday,2015,4,November,45,49,0,49,0,0,0,49,0,492015-11-15,0,Leeds,Albion Street North,,Sunday,2015,4,November,45,18,0,18,0,0,0,18,0,182015-11-15,1,Leeds,Briggate,,Sunday,2015,4,November,45,325,0,325,0,0,0,325,0,3252015-11-15,1,Leeds,"Briggate at McDonalds	",,Sunday,2015,4,November,45,264,0,264,0,0,0,264,0,2642015-11-15,1,Leeds,Commercial Street at Sharps,,Sunday,2015,4,November,45,112,0,112,0,0,0,112,0,1122015-11-15,1,Leeds,Commercial Street at Barratts,,Sunday,2015,4,November,45,149,0,149,0,0,0,149,0,1492015-11-15,1,Leeds,Headrow,,Sunday,2015,4,November,45,314,0,314,0,0,0,314,0,3142015-11-15,1,Leeds,"Dortmund Square	",,Sunday,2015,4,November,45,161,0,161,0,0,0,161,0,1612015-11-15,1,Leeds,Albion Street South,,Sunday,2015,4,November,45,582,0,582,0,0,0,582,0,5822015-11-15,1,Leeds,Albion Street North,,Sunday,2015,4,November,45,137,0,137,0,0,0,137,0,1372015-11-15,2,Leeds,Briggate,,Sunday,2015,4,November,45,294,0,294,0,0,0,294,0,2942015-11-15,2,Leeds,"Briggate at McDonalds	",,Sunday,2015,4,November,45,169,0,169,0,0,0,169,0,1692015-11-15,2,Leeds,Commercial Street at Sharps,,Sunday,2015,4,November,45,66,0,66,0,0,0,66,0,662015-11-15,2,Leeds,Commercial Street at Barratts,,Sunday,2015,4,November,45,94,0,94,0,0,0,94,0,942015-11-15,2,Leeds,Headrow,,Sunday,2015,4,November,45,216,0,216,0,0,0,216,0,2162015-11-15,2,Leeds,"Dortmund Square	",,Sunday,2015,4,November,45,106,0,106,0,0,0,106,0,1062015-11-15,2,Leeds,Albion Street South,,Sunday,2015,4,November,45,282,0,282,0,0,0,282,0,2822015-11-15,2,Leeds,Albion Street North,,Sunday,2015,4,November,45,81,0,81,0,0,0,81,0,812015-11-15,3,Leeds,Briggate,,Sunday,2015,4,November,45,195,0,195,0,0,0,195,0,1952015-11-15,3,Leeds,"Briggate at McDonalds	",,Sunday,2015,4,November,45,139,0,139,0,0,0,139,0,1392015-11-15,3,Leeds,Commercial Street at Sharps,,Sunday,2015,4,November,45,31,0,31,0,0,0,31,0,312015-11-15,3,Leeds,Commercial Street at Barratts,,Sunday,2015,4,November,45,76,0,76,0,0,0,76,0,762015-11-15,3,Leeds,Headrow,,Sunday,2015,4,November,45,171,0,171,0,0,0,171,0,1712015-11-15,3,Leeds,"Dortmund Square	",,Sunday,2015,4,November,45,63,0,63,0,0,0,63,0,632015-11-15,3,Leeds,Albion Street South,,Sunday,2015,4,November,45,247,0,247,0,0,0,247,0,2472015-11-15,3,Leeds,Albion Street North,,Sunday,2015,4,November,45,73,0,73,0,0,0,73,0,732015-11-15,4,Leeds,Briggate,,Sunday,2015,4,November,45,194,0,194,0,0,0,194,0,1942015-11-15,4,Leeds,"Briggate at McDonalds	",,Sunday,2015,4,November,45,115,0,115,0,0,0,115,0,1152015-11-15,4,Leeds,Commercial Street at Sharps,,Sunday,2015,4,November,45,27,0,27,0,0,0,27,0,272015-11-15,4,Leeds,Commercial Street at Barratts,,Sunday,2015,4,November,45,20,0,20,0,0,0,20,0,202015-11-15,4,Leeds,Headrow,,Sunday,2015,4,November,45,74,0,74,0,0,0,74,0,742015-11-15,4,Leeds,"Dortmund Square	",,Sunday,2015,4,November,45,81,0,81,0,0,0,81,0,812015-11-15,4,Leeds,Albion Street South,,Sunday,2015,4,November,45,96,0,96,0,0,0,96,0,962015-11-15,4,Leeds,Albion Street North,,Sunday,2015,4,November,45,32,0,32,0,0,0,32,0,322015-11-15,5,Leeds,Briggate,,Sunday,2015,4,November,45,123,0,123,0,0,0,123,0,1232015-11-15,5,Leeds,"Briggate at McDonalds	",,Sunday,2015,4,November,45,33,0,33,0,0,0,33,0,332015-11-15,5,Leeds,Commercial Street at Sharps,,Sunday,2015,4,November,45,38,0,38,0,0,0,38,0,382015-11-15,5,Leeds,Commercial Street at Barratts,,Sunday,2015,4,November,45,0,0,0,0,0,0,0,0,02015-11-15,5,Leeds,Headrow,,Sunday,2015,4,November,45,30,0,30,0,0,0,30,0,302015-11-15,5,Leeds,"Dortmund Square	",,Sunday,2015,4,November,45,27,0,27,0,0,0,27,0,272015-11-15,5,Leeds,Albion Street South,,Sunday,2015,4,November,45,48,0,48,0,0,0,48,0,482015-11-15,5,Leeds,Albion Street North,,Sunday,2015,4,November,45,19,0,19,0,0,0,19,0,192015-11-15,6,Leeds,Briggate,,Sunday,2015,4,November,45,77,0,77,0,0,0,77,0,772015-11-15,6,Leeds,"Briggate at McDonalds	",,Sunday,2015,4,November,45,31,0,31,0,0,0,31,0,312015-11-15,6,Leeds,Commercial Street at Sharps,,Sunday,2015,4,November,45,27,0,27,0,0,0,27,0,272015-11-15,6,Leeds,Commercial Street at Barratts,,Sunday,2015,4,November,45,15,0,15,0,0,0,15,0,152015-11-15,6,Leeds,Headrow,,Sunday,2015,4,November,45,34,0,34,0,0,0,34,0,342015-11-15,6,Leeds,"Dortmund Square	",,Sunday,2015,4,November,45,45,0,45,0,0,0,45,0,452015-11-15,6,Leeds,Albion Street South,,Sunday,2015,4,November,45,14,0,14,0,0,0,14,0,142015-11-15,6,Leeds,Albion Street North,,Sunday,2015,4,November,45,26,0,26,0,0,0,26,0,262015-11-15,7,Leeds,Briggate,,Sunday,2015,4,November,45,112,0,112,0,0,0,112,0,1122015-11-15,7,Leeds,"Briggate at McDonalds	",,Sunday,2015,4,November,45,80,0,80,0,0,0,80,0,802015-11-15,7,Leeds,Commercial Street at Sharps,,Sunday,2015,4,November,45,47,0,47,0,0,0,47,0,472015-11-15,7,Leeds,Commercial Street at Barratts,,Sunday,2015,4,November,45,39,0,39,0,0,0,39,0,392015-11-15,7,Leeds,Headrow,,Sunday,2015,4,November,45,53,0,53,0,0,0,53,0,532015-11-15,7,Leeds,"Dortmund Square	",,Sunday,2015,4,November,45,67,0,67,0,0,0,67,0,672015-11-15,7,Leeds,Albion Street South,,Sunday,2015,4,November,45,65,0,65,0,0,0,65,0,652015-11-15,7,Leeds,Albion Street North,,Sunday,2015,4,November,45,51,0,51,0,0,0,51,0,512015-11-15,8,Leeds,Briggate,,Sunday,2015,4,November,45,311,0,311,0,0,0,311,0,3112015-11-15,8,Leeds,"Briggate at McDonalds	",,Sunday,2015,4,November,45,131,0,131,0,0,0,131,0,1312015-11-15,8,Leeds,Commercial Street at Sharps,,Sunday,2015,4,November,45,173,0,173,0,0,0,173,0,1732015-11-15,8,Leeds,Commercial Street at Barratts,,Sunday,2015,4,November,45,39,0,39,0,0,0,39,0,392015-11-15,8,Leeds,Headrow,,Sunday,2015,4,November,45,86,0,86,0,0,0,86,0,862015-11-15,8,Leeds,"Dortmund Square	",,Sunday,2015,4,November,45,443,0,443,0,0,0,443,0,4432015-11-15,8,Leeds,Albion Street South,,Sunday,2015,4,November,45,102,0,102,0,0,0,102,0,1022015-11-15,8,Leeds,Albion Street North,,Sunday,2015,4,November,45,90,0,90,0,0,0,90,0,902015-11-15,9,Leeds,Briggate,,Sunday,2015,4,November,45,451,0,451,0,0,0,451,0,4512015-11-15,9,Leeds,"Briggate at McDonalds	",,Sunday,2015,4,November,45,211,0,211,0,0,0,211,0,2112015-11-15,9,Leeds,Commercial Street at Sharps,,Sunday,2015,4,November,45,268,0,268,0,0,0,268,0,2682015-11-15,9,Leeds,Commercial Street at Barratts,,Sunday,2015,4,November,45,110,0,110,0,0,0,110,0,1102015-11-15,9,Leeds,Headrow,,Sunday,2015,4,November,45,208,0,208,0,0,0,208,0,2082015-11-15,9,Leeds,"Dortmund Square	",,Sunday,2015,4,November,45,337,0,337,0,0,0,337,0,3372015-11-15,9,Leeds,Albion Street South,,Sunday,2015,4,November,45,236,0,236,0,0,0,236,0,2362015-11-15,9,Leeds,Albion Street North,,Sunday,2015,4,November,45,177,0,177,0,0,0,177,0,1772015-11-15,10,Leeds,Briggate,,Sunday,2015,4,November,45,1245,0,1245,0,0,0,1245,0,12452015-11-15,10,Leeds,"Briggate at McDonalds	",,Sunday,2015,4,November,45,526,0,526,0,0,0,526,0,5262015-11-15,10,Leeds,Commercial Street at Sharps,,Sunday,2015,4,November,45,781,0,781,0,0,0,781,0,7812015-11-15,10,Leeds,Commercial Street at Barratts,,Sunday,2015,4,November,45,402,0,402,0,0,0,402,0,4022015-11-15,10,Leeds,Headrow,,Sunday,2015,4,November,45,596,0,596,0,0,0,596,0,5962015-11-15,10,Leeds,"Dortmund Square	",,Sunday,2015,4,November,45,702,0,702,0,0,0,702,0,7022015-11-15,10,Leeds,Albion Street South,,Sunday,2015,4,November,45,680,0,680,0,0,0,680,0,6802015-11-15,10,Leeds,Albion Street North,,Sunday,2015,4,November,45,577,0,577,0,0,0,577,0,5772015-11-15,11,Leeds,Briggate,,Sunday,2015,4,November,45,2672,0,2672,0,0,0,2672,0,26722015-11-15,11,Leeds,"Briggate at McDonalds	",,Sunday,2015,4,November,45,855,0,855,0,0,0,855,0,8552015-11-15,11,Leeds,Commercial Street at Sharps,,Sunday,2015,4,November,45,1776,0,1776,0,0,0,1776,0,17762015-11-15,11,Leeds,Commercial Street at Barratts,,Sunday,2015,4,November,45,1059,0,1059,0,0,0,1059,0,10592015-11-15,11,Leeds,Headrow,,Sunday,2015,4,November,45,1018,0,1018,0,0,0,1018,0,10182015-11-15,11,Leeds,"Dortmund Square	",,Sunday,2015,4,November,45,1390,0,1390,0,0,0,1390,0,13902015-11-15,11,Leeds,Albion Street South,,Sunday,2015,4,November,45,2413,0,2413,0,0,0,2413,0,24132015-11-15,11,Leeds,Albion Street North,,Sunday,2015,4,November,45,1300,0,1300,0,0,0,1300,0,13002015-11-15,12,Leeds,Briggate,,Sunday,2015,4,November,45,3965,0,3965,0,0,0,3965,0,39652015-11-15,12,Leeds,"Briggate at McDonalds	",,Sunday,2015,4,November,45,1166,0,1166,0,0,0,1166,0,11662015-11-15,12,Leeds,Commercial Street at Sharps,,Sunday,2015,4,November,45,2570,0,2570,0,0,0,2570,0,25702015-11-15,12,Leeds,Commercial Street at Barratts,,Sunday,2015,4,November,45,1791,0,1791,0,0,0,1791,0,17912015-11-15,12,Leeds,Headrow,,Sunday,2015,4,November,45,1409,0,1409,0,0,0,1409,0,14092015-11-15,12,Leeds,"Dortmund Square	",,Sunday,2015,4,November,45,1572,0,1572,0,0,0,1572,0,15722015-11-15,12,Leeds,Albion Street South,,Sunday,2015,4,November,45,2008,0,2008,0,0,0,2008,0,20082015-11-15,12,Leeds,Albion Street North,,Sunday,2015,4,November,45,1353,0,1353,0,0,0,1353,0,13532015-11-15,13,Leeds,Briggate,,Sunday,2015,4,November,45,4688,0,4688,0,0,0,4688,0,46882015-11-15,13,Leeds,"Briggate at McDonalds	",,Sunday,2015,4,November,45,1413,0,1413,0,0,0,1413,0,14132015-11-15,13,Leeds,Commercial Street at Sharps,,Sunday,2015,4,November,45,3000,0,3000,0,0,0,3000,0,30002015-11-15,13,Leeds,Commercial Street at Barratts,,Sunday,2015,4,November,45,2278,0,2278,0,0,0,2278,0,22782015-11-15,13,Leeds,Headrow,,Sunday,2015,4,November,45,1548,0,1548,0,0,0,1548,0,15482015-11-15,13,Leeds,"Dortmund Square	",,Sunday,2015,4,November,45,1911,0,1911,0,0,0,1911,0,19112015-11-15,13,Leeds,Albion Street South,,Sunday,2015,4,November,45,3173,0,3173,0,0,0,3173,0,31732015-11-15,13,Leeds,Albion Street North,,Sunday,2015,4,November,45,1723,0,1723,0,0,0,1723,0,17232015-11-15,14,Leeds,Briggate,,Sunday,2015,4,November,45,4464,0,4464,0,0,0,4464,0,44642015-11-15,14,Leeds,"Briggate at McDonalds	",,Sunday,2015,4,November,45,1618,0,1618,0,0,0,1618,0,16182015-11-15,14,Leeds,Commercial Street at Sharps,,Sunday,2015,4,November,45,3406,0,3406,0,0,0,3406,0,34062015-11-15,14,Leeds,Commercial Street at Barratts,,Sunday,2015,4,November,45,2510,0,2510,0,0,0,2510,0,25102015-11-15,14,Leeds,Headrow,,Sunday,2015,4,November,45,1626,0,1626,0,0,0,1626,0,16262015-11-15,14,Leeds,"Dortmund Square	",,Sunday,2015,4,November,45,2276,0,2276,0,0,0,2276,0,22762015-11-15,14,Leeds,Albion Street South,,Sunday,2015,4,November,45,3297,0,3297,0,0,0,3297,0,32972015-11-15,14,Leeds,Albion Street North,,Sunday,2015,4,November,45,1791,0,1791,0,0,0,1791,0,17912015-11-15,15,Leeds,Briggate,,Sunday,2015,4,November,45,3959,0,3959,0,0,0,3959,0,39592015-11-15,15,Leeds,"Briggate at McDonalds	",,Sunday,2015,4,November,45,1444,0,1444,0,0,0,1444,0,14442015-11-15,15,Leeds,Commercial Street at Sharps,,Sunday,2015,4,November,45,3096,0,3096,0,0,0,3096,0,30962015-11-15,15,Leeds,Commercial Street at Barratts,,Sunday,2015,4,November,45,1836,0,1836,0,0,0,1836,0,18362015-11-15,15,Leeds,Headrow,,Sunday,2015,4,November,45,1392,0,1392,0,0,0,1392,0,13922015-11-15,15,Leeds,"Dortmund Square	",,Sunday,2015,4,November,45,2081,0,2081,0,0,0,2081,0,20812015-11-15,15,Leeds,Albion Street South,,Sunday,2015,4,November,45,3191,0,3191,0,0,0,3191,0,31912015-11-15,15,Leeds,Albion Street North,,Sunday,2015,4,November,45,1716,0,1716,0,0,0,1716,0,17162015-11-15,16,Leeds,Briggate,,Sunday,2015,4,November,45,1488,0,1488,0,0,0,1488,0,14882015-11-15,16,Leeds,"Briggate at McDonalds	",,Sunday,2015,4,November,45,1036,0,1036,0,0,0,1036,0,10362015-11-15,16,Leeds,Commercial Street at Sharps,,Sunday,2015,4,November,45,2046,0,2046,0,0,0,2046,0,20462015-11-15,16,Leeds,Commercial Street at Barratts,,Sunday,2015,4,November,45,1456,0,1456,0,0,0,1456,0,14562015-11-15,16,Leeds,Headrow,,Sunday,2015,4,November,45,1065,0,1065,0,0,0,1065,0,10652015-11-15,16,Leeds,"Dortmund Square	",,Sunday,2015,4,November,45,1600,0,1600,0,0,0,1600,0,16002015-11-15,16,Leeds,Albion Street South,,Sunday,2015,4,November,45,2389,0,2389,0,0,0,2389,0,23892015-11-15,16,Leeds,Albion Street North,,Sunday,2015,4,November,45,1130,0,1130,0,0,0,1130,0,11302015-11-15,17,Leeds,Briggate,,Sunday,2015,4,November,45,714,0,714,0,0,0,714,0,7142015-11-15,17,Leeds,"Briggate at McDonalds	",,Sunday,2015,4,November,45,707,0,707,0,0,0,707,0,7072015-11-15,17,Leeds,Commercial Street at Sharps,,Sunday,2015,4,November,45,782,0,782,0,0,0,782,0,7822015-11-15,17,Leeds,Commercial Street at Barratts,,Sunday,2015,4,November,45,532,0,532,0,0,0,532,0,5322015-11-15,17,Leeds,Headrow,,Sunday,2015,4,November,45,530,0,530,0,0,0,530,0,5302015-11-15,17,Leeds,"Dortmund Square	",,Sunday,2015,4,November,45,925,0,925,0,0,0,925,0,9252015-11-15,17,Leeds,Albion Street South,,Sunday,2015,4,November,45,823,0,823,0,0,0,823,0,8232015-11-15,17,Leeds,Albion Street North,,Sunday,2015,4,November,45,339,0,339,0,0,0,339,0,3392015-11-15,18,Leeds,Briggate,,Sunday,2015,4,November,45,370,0,370,0,0,0,370,0,3702015-11-15,18,Leeds,"Briggate at McDonalds	",,Sunday,2015,4,November,45,409,0,409,0,0,0,409,0,4092015-11-15,18,Leeds,Commercial Street at Sharps,,Sunday,2015,4,November,45,396,0,396,0,0,0,396,0,3962015-11-15,18,Leeds,Commercial Street at Barratts,,Sunday,2015,4,November,45,215,0,215,0,0,0,215,0,2152015-11-15,18,Leeds,Headrow,,Sunday,2015,4,November,45,277,0,277,0,0,0,277,0,2772015-11-15,18,Leeds,"Dortmund Square	",,Sunday,2015,4,November,45,524,0,524,0,0,0,524,0,5242015-11-15,18,Leeds,Albion Street South,,Sunday,2015,4,November,45,437,0,437,0,0,0,437,0,4372015-11-15,18,Leeds,Albion Street North,,Sunday,2015,4,November,45,219,0,219,0,0,0,219,0,2192015-11-15,19,Leeds,Briggate,,Sunday,2015,4,November,45,334,0,334,0,0,0,334,0,3342015-11-15,19,Leeds,"Briggate at McDonalds	",,Sunday,2015,4,November,45,293,0,293,0,0,0,293,0,2932015-11-15,19,Leeds,Commercial Street at Sharps,,Sunday,2015,4,November,45,230,0,230,0,0,0,230,0,2302015-11-15,19,Leeds,Commercial Street at Barratts,,Sunday,2015,4,November,45,149,0,149,0,0,0,149,0,1492015-11-15,19,Leeds,Headrow,,Sunday,2015,4,November,45,207,0,207,0,0,0,207,0,2072015-11-15,19,Leeds,"Dortmund Square	",,Sunday,2015,4,November,45,319,0,319,0,0,0,319,0,3192015-11-15,19,Leeds,Albion Street South,,Sunday,2015,4,November,45,321,0,321,0,0,0,321,0,3212015-11-15,19,Leeds,Albion Street North,,Sunday,2015,4,November,45,158,0,158,0,0,0,158,0,1582015-11-15,20,Leeds,Briggate,,Sunday,2015,4,November,45,235,0,235,0,0,0,235,0,2352015-11-15,20,Leeds,"Briggate at McDonalds	",,Sunday,2015,4,November,45,206,0,206,0,0,0,206,0,2062015-11-15,20,Leeds,Commercial Street at Sharps,,Sunday,2015,4,November,45,171,0,171,0,0,0,171,0,1712015-11-15,20,Leeds,Commercial Street at Barratts,,Sunday,2015,4,November,45,91,0,91,0,0,0,91,0,912015-11-15,20,Leeds,Headrow,,Sunday,2015,4,November,45,166,0,166,0,0,0,166,0,1662015-11-15,20,Leeds,"Dortmund Square	",,Sunday,2015,4,November,45,175,0,175,0,0,0,175,0,1752015-11-15,20,Leeds,Albion Street South,,Sunday,2015,4,November,45,210,0,210,0,0,0,210,0,2102015-11-15,20,Leeds,Albion Street North,,Sunday,2015,4,November,45,104,0,104,0,0,0,104,0,1042015-11-15,21,Leeds,Briggate,,Sunday,2015,4,November,45,181,0,181,0,0,0,181,0,1812015-11-15,21,Leeds,"Briggate at McDonalds	",,Sunday,2015,4,November,45,175,0,175,0,0,0,175,0,1752015-11-15,21,Leeds,Commercial Street at Sharps,,Sunday,2015,4,November,45,102,0,102,0,0,0,102,0,1022015-11-15,21,Leeds,Commercial Street at Barratts,,Sunday,2015,4,November,45,131,0,131,0,0,0,131,0,1312015-11-15,21,Leeds,Headrow,,Sunday,2015,4,November,45,118,0,118,0,0,0,118,0,1182015-11-15,21,Leeds,"Dortmund Square	",,Sunday,2015,4,November,45,127,0,127,0,0,0,127,0,1272015-11-15,21,Leeds,Albion Street South,,Sunday,2015,4,November,45,122,0,122,0,0,0,122,0,1222015-11-15,21,Leeds,Albion Street North,,Sunday,2015,4,November,45,60,0,60,0,0,0,60,0,602015-11-15,22,Leeds,Briggate,,Sunday,2015,4,November,45,128,0,128,0,0,0,128,0,1282015-11-15,22,Leeds,"Briggate at McDonalds	",,Sunday,2015,4,November,45,162,0,162,0,0,0,162,0,1622015-11-15,22,Leeds,Commercial Street at Sharps,,Sunday,2015,4,November,45,101,0,101,0,0,0,101,0,1012015-11-15,22,Leeds,Commercial Street at Barratts,,Sunday,2015,4,November,45,91,0,91,0,0,0,91,0,912015-11-15,22,Leeds,Headrow,,Sunday,2015,4,November,45,107,0,107,0,0,0,107,0,1072015-11-15,22,Leeds,"Dortmund Square	",,Sunday,2015,4,November,45,120,0,120,0,0,0,120,0,1202015-11-15,22,Leeds,Albion Street South,,Sunday,2015,4,November,45,93,0,93,0,0,0,93,0,932015-11-15,22,Leeds,Albion Street North,,Sunday,2015,4,November,45,40,0,40,0,0,0,40,0,402015-11-15,23,Leeds,Briggate,,Sunday,2015,4,November,45,96,0,96,0,0,0,96,0,962015-11-15,23,Leeds,"Briggate at McDonalds	",,Sunday,2015,4,November,45,83,0,83,0,0,0,83,0,832015-11-15,23,Leeds,Commercial Street at Sharps,,Sunday,2015,4,November,45,62,0,62,0,0,0,62,0,622015-11-15,23,Leeds,Commercial Street at Barratts,,Sunday,2015,4,November,45,38,0,38,0,0,0,38,0,382015-11-15,23,Leeds,Headrow,,Sunday,2015,4,November,45,63,0,63,0,0,0,63,0,632015-11-15,23,Leeds,"Dortmund Square	",,Sunday,2015,4,November,45,118,0,118,0,0,0,118,0,1182015-11-15,23,Leeds,Albion Street South,,Sunday,2015,4,November,45,50,0,50,0,0,0,50,0,502015-11-15,23,Leeds,Albion Street North,,Sunday,2015,4,November,45,18,0,18,0,0,0,18,0,182015-11-16,0,Leeds,Briggate,,Monday,2015,4,November,46,91,0,91,0,0,0,91,0,912015-11-16,0,Leeds,"Briggate at McDonalds	",,Monday,2015,4,November,46,70,0,70,0,0,0,70,0,702015-11-16,0,Leeds,Commercial Street at Sharps,,Monday,2015,4,November,46,48,0,48,0,0,0,48,0,482015-11-16,0,Leeds,Commercial Street at Barratts,,Monday,2015,4,November,46,23,0,23,0,0,0,23,0,232015-11-16,0,Leeds,Headrow,,Monday,2015,4,November,46,30,0,30,0,0,0,30,0,302015-11-16,0,Leeds,"Dortmund Square	",,Monday,2015,4,November,46,42,0,42,0,0,0,42,0,422015-11-16,0,Leeds,Albion Street South,,Monday,2015,4,November,46,29,0,29,0,0,0,29,0,292015-11-16,0,Leeds,Albion Street North,,Monday,2015,4,November,46,6,0,6,0,0,0,6,0,62015-11-16,1,Leeds,Briggate,,Monday,2015,4,November,46,62,0,62,0,0,0,62,0,622015-11-16,1,Leeds,"Briggate at McDonalds	",,Monday,2015,4,November,46,40,0,40,0,0,0,40,0,402015-11-16,1,Leeds,Commercial Street at Sharps,,Monday,2015,4,November,46,14,0,14,0,0,0,14,0,142015-11-16,1,Leeds,Commercial Street at Barratts,,Monday,2015,4,November,46,0,0,0,0,0,0,0,0,02015-11-16,1,Leeds,Headrow,,Monday,2015,4,November,46,20,0,20,0,0,0,20,0,202015-11-16,1,Leeds,"Dortmund Square	",,Monday,2015,4,November,46,24,0,24,0,0,0,24,0,242015-11-16,1,Leeds,Albion Street South,,Monday,2015,4,November,46,17,0,17,0,0,0,17,0,172015-11-16,1,Leeds,Albion Street North,,Monday,2015,4,November,46,2,0,2,0,0,0,2,0,22015-11-16,2,Leeds,Briggate,,Monday,2015,4,November,46,56,0,56,0,0,0,56,0,562015-11-16,2,Leeds,"Briggate at McDonalds	",,Monday,2015,4,November,46,18,0,18,0,0,0,18,0,182015-11-16,2,Leeds,Commercial Street at Sharps,,Monday,2015,4,November,46,9,0,9,0,0,0,9,0,92015-11-16,2,Leeds,Commercial Street at Barratts,,Monday,2015,4,November,46,0,0,0,0,0,0,0,0,02015-11-16,2,Leeds,Headrow,,Monday,2015,4,November,46,45,0,45,0,0,0,45,0,452015-11-16,2,Leeds,"Dortmund Square	",,Monday,2015,4,November,46,16,0,16,0,0,0,16,0,162015-11-16,2,Leeds,Albion Street South,,Monday,2015,4,November,46,28,0,28,0,0,0,28,0,282015-11-16,2,Leeds,Albion Street North,,Monday,2015,4,November,46,13,0,13,0,0,0,13,0,132015-11-16,3,Leeds,Briggate,,Monday,2015,4,November,46,19,0,19,0,0,0,19,0,192015-11-16,3,Leeds,"Briggate at McDonalds	",,Monday,2015,4,November,46,17,0,17,0,0,0,17,0,172015-11-16,3,Leeds,Commercial Street at Sharps,,Monday,2015,4,November,46,8,0,8,0,0,0,8,0,82015-11-16,3,Leeds,Commercial Street at Barratts,,Monday,2015,4,November,46,0,0,0,0,0,0,0,0,02015-11-16,3,Leeds,Headrow,,Monday,2015,4,November,46,34,0,34,0,0,0,34,0,342015-11-16,3,Leeds,"Dortmund Square	",,Monday,2015,4,November,46,6,0,6,0,0,0,6,0,62015-11-16,3,Leeds,Albion Street South,,Monday,2015,4,November,46,8,0,8,0,0,0,8,0,82015-11-16,3,Leeds,Albion Street North,,Monday,2015,4,November,46,0,0,0,0,0,0,0,0,02015-11-16,4,Leeds,Briggate,,Monday,2015,4,November,46,30,0,30,0,0,0,30,0,302015-11-16,4,Leeds,"Briggate at McDonalds	",,Monday,2015,4,November,46,24,0,24,0,0,0,24,0,242015-11-16,4,Leeds,Commercial Street at Sharps,,Monday,2015,4,November,46,9,0,9,0,0,0,9,0,92015-11-16,4,Leeds,Commercial Street at Barratts,,Monday,2015,4,November,46,0,0,0,0,0,0,0,0,02015-11-16,4,Leeds,Headrow,,Monday,2015,4,November,46,22,0,22,0,0,0,22,0,222015-11-16,4,Leeds,"Dortmund Square	",,Monday,2015,4,November,46,24,0,24,0,0,0,24,0,242015-11-16,4,Leeds,Albion Street South,,Monday,2015,4,November,46,95,0,95,0,0,0,95,0,952015-11-16,4,Leeds,Albion Street North,,Monday,2015,4,November,46,12,0,12,0,0,0,12,0,122015-11-16,5,Leeds,Briggate,,Monday,2015,4,November,46,37,0,37,0,0,0,37,0,372015-11-16,5,Leeds,"Briggate at McDonalds	",,Monday,2015,4,November,46,87,0,87,0,0,0,87,0,872015-11-16,5,Leeds,Commercial Street at Sharps,,Monday,2015,4,November,46,63,0,63,0,0,0,63,0,632015-11-16,5,Leeds,Commercial Street at Barratts,,Monday,2015,4,November,46,23,0,23,0,0,0,23,0,232015-11-16,5,Leeds,Headrow,,Monday,2015,4,November,46,65,0,65,0,0,0,65,0,652015-11-16,5,Leeds,"Dortmund Square	",,Monday,2015,4,November,46,35,0,35,0,0,0,35,0,352015-11-16,5,Leeds,Albion Street South,,Monday,2015,4,November,46,61,0,61,0,0,0,61,0,612015-11-16,5,Leeds,Albion Street North,,Monday,2015,4,November,46,21,0,21,0,0,0,21,0,212015-11-16,6,Leeds,Briggate,,Monday,2015,4,November,46,134,0,134,0,0,0,134,0,1342015-11-16,6,Leeds,"Briggate at McDonalds	",,Monday,2015,4,November,46,180,0,180,0,0,0,180,0,1802015-11-16,6,Leeds,Commercial Street at Sharps,,Monday,2015,4,November,46,96,0,96,0,0,0,96,0,962015-11-16,6,Leeds,Commercial Street at Barratts,,Monday,2015,4,November,46,97,0,97,0,0,0,97,0,972015-11-16,6,Leeds,Headrow,,Monday,2015,4,November,46,128,0,128,0,0,0,128,0,1282015-11-16,6,Leeds,"Dortmund Square	",,Monday,2015,4,November,46,115,0,115,0,0,0,115,0,1152015-11-16,6,Leeds,Albion Street South,,Monday,2015,4,November,46,103,0,103,0,0,0,103,0,1032015-11-16,6,Leeds,Albion Street North,,Monday,2015,4,November,46,37,0,37,0,0,0,37,0,372015-11-16,7,Leeds,Briggate,,Monday,2015,4,November,46,366,0,366,0,0,0,366,0,3662015-11-16,7,Leeds,"Briggate at McDonalds	",,Monday,2015,4,November,46,335,0,335,0,0,0,335,0,3352015-11-16,7,Leeds,Commercial Street at Sharps,,Monday,2015,4,November,46,285,0,285,0,0,0,285,0,2852015-11-16,7,Leeds,Commercial Street at Barratts,,Monday,2015,4,November,46,223,0,223,0,0,0,223,0,2232015-11-16,7,Leeds,Headrow,,Monday,2015,4,November,46,272,0,272,0,0,0,272,0,2722015-11-16,7,Leeds,"Dortmund Square	",,Monday,2015,4,November,46,407,0,407,0,0,0,407,0,4072015-11-16,7,Leeds,Albion Street South,,Monday,2015,4,November,46,352,0,352,0,0,0,352,0,3522015-11-16,7,Leeds,Albion Street North,,Monday,2015,4,November,46,235,0,235,0,0,0,235,0,2352015-11-16,8,Leeds,Briggate,,Monday,2015,4,November,46,988,0,988,0,0,0,988,0,9882015-11-16,8,Leeds,"Briggate at McDonalds	",,Monday,2015,4,November,46,514,0,514,0,0,0,514,0,5142015-11-16,8,Leeds,Commercial Street at Sharps,,Monday,2015,4,November,46,817,0,817,0,0,0,817,0,8172015-11-16,8,Leeds,Commercial Street at Barratts,,Monday,2015,4,November,46,487,0,487,0,0,0,487,0,4872015-11-16,8,Leeds,Headrow,,Monday,2015,4,November,46,629,0,629,0,0,0,629,0,6292015-11-16,8,Leeds,"Dortmund Square	",,Monday,2015,4,November,46,1076,0,1076,0,0,0,1076,0,10762015-11-16,8,Leeds,Albion Street South,,Monday,2015,4,November,46,684,0,684,0,0,0,684,0,6842015-11-16,8,Leeds,Albion Street North,,Monday,2015,4,November,46,730,0,730,0,0,0,730,0,7302015-11-16,9,Leeds,Briggate,,Monday,2015,4,November,46,1001,0,1001,0,0,0,1001,0,10012015-11-16,9,Leeds,"Briggate at McDonalds	",,Monday,2015,4,November,46,445,0,445,0,0,0,445,0,4452015-11-16,9,Leeds,Commercial Street at Sharps,,Monday,2015,4,November,46,964,0,964,0,0,0,964,0,9642015-11-16,9,Leeds,Commercial Street at Barratts,,Monday,2015,4,November,46,550,0,550,0,0,0,550,0,5502015-11-16,9,Leeds,Headrow,,Monday,2015,4,November,46,759,0,759,0,0,0,759,0,7592015-11-16,9,Leeds,"Dortmund Square	",,Monday,2015,4,November,46,1090,0,1090,0,0,0,1090,0,10902015-11-16,9,Leeds,Albion Street South,,Monday,2015,4,November,46,944,0,944,0,0,0,944,0,9442015-11-16,9,Leeds,Albion Street North,,Monday,2015,4,November,46,504,0,504,0,0,0,504,0,5042015-11-16,10,Leeds,Briggate,,Monday,2015,4,November,46,1581,0,1581,0,0,0,1581,0,15812015-11-16,10,Leeds,"Briggate at McDonalds	",,Monday,2015,4,November,46,869,0,869,0,0,0,869,0,8692015-11-16,10,Leeds,Commercial Street at Sharps,,Monday,2015,4,November,46,1576,0,1576,0,0,0,1576,0,15762015-11-16,10,Leeds,Commercial Street at Barratts,,Monday,2015,4,November,46,838,0,838,0,0,0,838,0,8382015-11-16,10,Leeds,Headrow,,Monday,2015,4,November,46,1117,0,1117,0,0,0,1117,0,11172015-11-16,10,Leeds,"Dortmund Square	",,Monday,2015,4,November,46,1268,0,1268,0,0,0,1268,0,12682015-11-16,10,Leeds,Albion Street South,,Monday,2015,4,November,46,1590,0,1590,0,0,0,1590,0,15902015-11-16,10,Leeds,Albion Street North,,Monday,2015,4,November,46,1230,0,1230,0,0,0,1230,0,12302015-11-16,11,Leeds,Briggate,,Monday,2015,4,November,46,2696,0,2696,0,0,0,2696,0,26962015-11-16,11,Leeds,"Briggate at McDonalds	",,Monday,2015,4,November,46,1173,0,1173,0,0,0,1173,0,11732015-11-16,11,Leeds,Commercial Street at Sharps,,Monday,2015,4,November,46,2165,0,2165,0,0,0,2165,0,21652015-11-16,11,Leeds,Commercial Street at Barratts,,Monday,2015,4,November,46,1222,0,1222,0,0,0,1222,0,12222015-11-16,11,Leeds,Headrow,,Monday,2015,4,November,46,1584,0,1584,0,0,0,1584,0,15842015-11-16,11,Leeds,"Dortmund Square	",,Monday,2015,4,November,46,1591,0,1591,0,0,0,1591,0,15912015-11-16,11,Leeds,Albion Street South,,Monday,2015,4,November,46,2545,0,2545,0,0,0,2545,0,25452015-11-16,11,Leeds,Albion Street North,,Monday,2015,4,November,46,1965,0,1965,0,0,0,1965,0,19652015-11-16,12,Leeds,Briggate,,Monday,2015,4,November,46,4857,0,4857,0,0,0,4857,0,48572015-11-16,12,Leeds,"Briggate at McDonalds	",,Monday,2015,4,November,46,2390,0,2390,0,0,0,2390,0,23902015-11-16,12,Leeds,Commercial Street at Sharps,,Monday,2015,4,November,46,2304,0,2304,0,0,0,2304,0,23042015-11-16,12,Leeds,Commercial Street at Barratts,,Monday,2015,4,November,46,2110,0,2110,0,0,0,2110,0,21102015-11-16,12,Leeds,Headrow,,Monday,2015,4,November,46,2425,0,2425,0,0,0,2425,0,24252015-11-16,12,Leeds,"Dortmund Square	",,Monday,2015,4,November,46,2680,0,2680,0,0,0,2680,0,26802015-11-16,12,Leeds,Albion Street South,,Monday,2015,4,November,46,2497,0,2497,0,0,0,2497,0,24972015-11-16,12,Leeds,Albion Street North,,Monday,2015,4,November,46,1991,0,1991,0,0,0,1991,0,19912015-11-16,13,Leeds,Briggate,,Monday,2015,4,November,46,3949,0,3949,0,0,0,3949,0,39492015-11-16,13,Leeds,"Briggate at McDonalds	",,Monday,2015,4,November,46,1878,0,1878,0,0,0,1878,0,18782015-11-16,13,Leeds,Commercial Street at Sharps,,Monday,2015,4,November,46,2622,0,2622,0,0,0,2622,0,26222015-11-16,13,Leeds,Commercial Street at Barratts,,Monday,2015,4,November,46,1999,0,1999,0,0,0,1999,0,19992015-11-16,13,Leeds,Headrow,,Monday,2015,4,November,46,2508,0,2508,0,0,0,2508,0,25082015-11-16,13,Leeds,"Dortmund Square	",,Monday,2015,4,November,46,2576,0,2576,0,0,0,2576,0,25762015-11-16,13,Leeds,Albion Street South,,Monday,2015,4,November,46,3177,0,3177,0,0,0,3177,0,31772015-11-16,13,Leeds,Albion Street North,,Monday,2015,4,November,46,2194,0,2194,0,0,0,2194,0,21942015-11-16,14,Leeds,Briggate,,Monday,2015,4,November,46,3140,0,3140,0,0,0,3140,0,31402015-11-16,14,Leeds,"Briggate at McDonalds	",,Monday,2015,4,November,46,1237,0,1237,0,0,0,1237,0,12372015-11-16,14,Leeds,Commercial Street at Sharps,,Monday,2015,4,November,46,2768,0,2768,0,0,0,2768,0,27682015-11-16,14,Leeds,Commercial Street at Barratts,,Monday,2015,4,November,46,1535,0,1535,0,0,0,1535,0,15352015-11-16,14,Leeds,Headrow,,Monday,2015,4,November,46,1850,0,1850,0,0,0,1850,0,18502015-11-16,14,Leeds,"Dortmund Square	",,Monday,2015,4,November,46,2024,0,2024,0,0,0,2024,0,20242015-11-16,14,Leeds,Albion Street South,,Monday,2015,4,November,46,2293,0,2293,0,0,0,2293,0,22932015-11-16,14,Leeds,Albion Street North,,Monday,2015,4,November,46,1558,0,1558,0,0,0,1558,0,15582015-11-16,15,Leeds,Briggate,,Monday,2015,4,November,46,2795,0,2795,0,0,0,2795,0,27952015-11-16,15,Leeds,"Briggate at McDonalds	",,Monday,2015,4,November,46,1242,0,1242,0,0,0,1242,0,12422015-11-16,15,Leeds,Commercial Street at Sharps,,Monday,2015,4,November,46,2318,0,2318,0,0,0,2318,0,23182015-11-16,15,Leeds,Commercial Street at Barratts,,Monday,2015,4,November,46,1140,0,1140,0,0,0,1140,0,11402015-11-16,15,Leeds,Headrow,,Monday,2015,4,November,46,1686,0,1686,0,0,0,1686,0,16862015-11-16,15,Leeds,"Dortmund Square	",,Monday,2015,4,November,46,1938,0,1938,0,0,0,1938,0,19382015-11-16,15,Leeds,Albion Street South,,Monday,2015,4,November,46,2227,0,2227,0,0,0,2227,0,22272015-11-16,15,Leeds,Albion Street North,,Monday,2015,4,November,46,1574,0,1574,0,0,0,1574,0,15742015-11-16,16,Leeds,Briggate,,Monday,2015,4,November,46,1579,0,1579,0,0,0,1579,0,15792015-11-16,16,Leeds,"Briggate at McDonalds	",,Monday,2015,4,November,46,1415,0,1415,0,0,0,1415,0,14152015-11-16,16,Leeds,Commercial Street at Sharps,,Monday,2015,4,November,46,2187,0,2187,0,0,0,2187,0,21872015-11-16,16,Leeds,Commercial Street at Barratts,,Monday,2015,4,November,46,1330,0,1330,0,0,0,1330,0,13302015-11-16,16,Leeds,Headrow,,Monday,2015,4,November,46,1328,0,1328,0,0,0,1328,0,13282015-11-16,16,Leeds,"Dortmund Square	",,Monday,2015,4,November,46,2405,0,2405,0,0,0,2405,0,24052015-11-16,16,Leeds,Albion Street South,,Monday,2015,4,November,46,2300,0,2300,0,0,0,2300,0,23002015-11-16,16,Leeds,Albion Street North,,Monday,2015,4,November,46,1357,0,1357,0,0,0,1357,0,13572015-11-16,17,Leeds,Briggate,,Monday,2015,4,November,46,1164,0,1164,0,0,0,1164,0,11642015-11-16,17,Leeds,"Briggate at McDonalds	",,Monday,2015,4,November,46,1115,0,1115,0,0,0,1115,0,11152015-11-16,17,Leeds,Commercial Street at Sharps,,Monday,2015,4,November,46,1758,0,1758,0,0,0,1758,0,17582015-11-16,17,Leeds,Commercial Street at Barratts,,Monday,2015,4,November,46,1151,0,1151,0,0,0,1151,0,11512015-11-16,17,Leeds,Headrow,,Monday,2015,4,November,46,849,0,849,0,0,0,849,0,8492015-11-16,17,Leeds,"Dortmund Square	",,Monday,2015,4,November,46,1985,0,1985,0,0,0,1985,0,19852015-11-16,17,Leeds,Albion Street South,,Monday,2015,4,November,46,2123,0,2123,0,0,0,2123,0,21232015-11-16,17,Leeds,Albion Street North,,Monday,2015,4,November,46,1031,0,1031,0,0,0,1031,0,10312015-11-16,18,Leeds,Briggate,,Monday,2015,4,November,46,744,0,744,0,0,0,744,0,7442015-11-16,18,Leeds,"Briggate at McDonalds	",,Monday,2015,4,November,46,840,0,840,0,0,0,840,0,8402015-11-16,18,Leeds,Commercial Street at Sharps,,Monday,2015,4,November,46,1102,0,1102,0,0,0,1102,0,11022015-11-16,18,Leeds,Commercial Street at Barratts,,Monday,2015,4,November,46,595,0,595,0,0,0,595,0,5952015-11-16,18,Leeds,Headrow,,Monday,2015,4,November,46,539,0,539,0,0,0,539,0,5392015-11-16,18,Leeds,"Dortmund Square	",,Monday,2015,4,November,46,1232,0,1232,0,0,0,1232,0,12322015-11-16,18,Leeds,Albion Street South,,Monday,2015,4,November,46,1340,0,1340,0,0,0,1340,0,13402015-11-16,18,Leeds,Albion Street North,,Monday,2015,4,November,46,579,0,579,0,0,0,579,0,5792015-11-16,19,Leeds,Briggate,,Monday,2015,4,November,46,385,0,385,0,0,0,385,0,3852015-11-16,19,Leeds,"Briggate at McDonalds	",,Monday,2015,4,November,46,470,0,470,0,0,0,470,0,4702015-11-16,19,Leeds,Commercial Street at Sharps,,Monday,2015,4,November,46,495,0,495,0,0,0,495,0,4952015-11-16,19,Leeds,Commercial Street at Barratts,,Monday,2015,4,November,46,264,0,264,0,0,0,264,0,2642015-11-16,19,Leeds,Headrow,,Monday,2015,4,November,46,220,0,220,0,0,0,220,0,2202015-11-16,19,Leeds,"Dortmund Square	",,Monday,2015,4,November,46,781,0,781,0,0,0,781,0,7812015-11-16,19,Leeds,Albion Street South,,Monday,2015,4,November,46,625,0,625,0,0,0,625,0,6252015-11-16,19,Leeds,Albion Street North,,Monday,2015,4,November,46,366,0,366,0,0,0,366,0,3662015-11-16,20,Leeds,Briggate,,Monday,2015,4,November,46,260,0,260,0,0,0,260,0,2602015-11-16,20,Leeds,"Briggate at McDonalds	",,Monday,2015,4,November,46,279,0,279,0,0,0,279,0,2792015-11-16,20,Leeds,Commercial Street at Sharps,,Monday,2015,4,November,46,279,0,279,0,0,0,279,0,2792015-11-16,20,Leeds,Commercial Street at Barratts,,Monday,2015,4,November,46,175,0,175,0,0,0,175,0,1752015-11-16,20,Leeds,Headrow,,Monday,2015,4,November,46,54,0,54,0,0,0,54,0,542015-11-16,20,Leeds,"Dortmund Square	",,Monday,2015,4,November,46,425,0,425,0,0,0,425,0,4252015-11-16,20,Leeds,Albion Street South,,Monday,2015,4,November,46,357,0,357,0,0,0,357,0,3572015-11-16,20,Leeds,Albion Street North,,Monday,2015,4,November,46,202,0,202,0,0,0,202,0,2022015-11-16,21,Leeds,Briggate,,Monday,2015,4,November,46,160,0,160,0,0,0,160,0,1602015-11-16,21,Leeds,"Briggate at McDonalds	",,Monday,2015,4,November,46,163,0,163,0,0,0,163,0,1632015-11-16,21,Leeds,Commercial Street at Sharps,,Monday,2015,4,November,46,191,0,191,0,0,0,191,0,1912015-11-16,21,Leeds,Commercial Street at Barratts,,Monday,2015,4,November,46,153,0,153,0,0,0,153,0,1532015-11-16,21,Leeds,Headrow,,Monday,2015,4,November,46,42,0,42,0,0,0,42,0,422015-11-16,21,Leeds,"Dortmund Square	",,Monday,2015,4,November,46,265,0,265,0,0,0,265,0,2652015-11-16,21,Leeds,Albion Street South,,Monday,2015,4,November,46,273,0,273,0,0,0,273,0,2732015-11-16,21,Leeds,Albion Street North,,Monday,2015,4,November,46,127,0,127,0,0,0,127,0,1272015-11-16,22,Leeds,Briggate,,Monday,2015,4,November,46,168,0,168,0,0,0,168,0,1682015-11-16,22,Leeds,"Briggate at McDonalds	",,Monday,2015,4,November,46,223,0,223,0,0,0,223,0,2232015-11-16,22,Leeds,Commercial Street at Sharps,,Monday,2015,4,November,46,132,0,132,0,0,0,132,0,1322015-11-16,22,Leeds,Commercial Street at Barratts,,Monday,2015,4,November,46,105,0,105,0,0,0,105,0,1052015-11-16,22,Leeds,Headrow,,Monday,2015,4,November,46,27,0,27,0,0,0,27,0,272015-11-16,22,Leeds,"Dortmund Square	",,Monday,2015,4,November,46,247,0,247,0,0,0,247,0,2472015-11-16,22,Leeds,Albion Street South,,Monday,2015,4,November,46,157,0,157,0,0,0,157,0,1572015-11-16,22,Leeds,Albion Street North,,Monday,2015,4,November,46,76,0,76,0,0,0,76,0,762015-11-16,23,Leeds,Briggate,,Monday,2015,4,November,46,109,0,109,0,0,0,109,0,1092015-11-16,23,Leeds,"Briggate at McDonalds	",,Monday,2015,4,November,46,141,0,141,0,0,0,141,0,1412015-11-16,23,Leeds,Commercial Street at Sharps,,Monday,2015,4,November,46,80,0,80,0,0,0,80,0,802015-11-16,23,Leeds,Commercial Street at Barratts,,Monday,2015,4,November,46,36,0,36,0,0,0,36,0,362015-11-16,23,Leeds,Headrow,,Monday,2015,4,November,46,121,0,121,0,0,0,121,0,1212015-11-16,23,Leeds,"Dortmund Square	",,Monday,2015,4,November,46,123,0,123,0,0,0,123,0,1232015-11-16,23,Leeds,Albion Street South,,Monday,2015,4,November,46,85,0,85,0,0,0,85,0,852015-11-16,23,Leeds,Albion Street North,,Monday,2015,4,November,46,41,0,41,0,0,0,41,0,412015-11-17,0,Leeds,Briggate,,Tuesday,2015,4,November,46,80,0,80,0,0,0,80,0,802015-11-17,0,Leeds,"Briggate at McDonalds	",,Tuesday,2015,4,November,46,93,0,93,0,0,0,93,0,932015-11-17,0,Leeds,Commercial Street at Sharps,,Tuesday,2015,4,November,46,26,0,26,0,0,0,26,0,262015-11-17,0,Leeds,Commercial Street at Barratts,,Tuesday,2015,4,November,46,0,0,0,0,0,0,0,0,02015-11-17,0,Leeds,Headrow,,Tuesday,2015,4,November,46,53,0,53,0,0,0,53,0,532015-11-17,0,Leeds,"Dortmund Square	",,Tuesday,2015,4,November,46,65,0,65,0,0,0,65,0,652015-11-17,0,Leeds,Albion Street South,,Tuesday,2015,4,November,46,60,0,60,0,0,0,60,0,602015-11-17,0,Leeds,Albion Street North,,Tuesday,2015,4,November,46,21,0,21,0,0,0,21,0,212015-11-17,1,Leeds,Briggate,,Tuesday,2015,4,November,46,80,0,80,0,0,0,80,0,802015-11-17,1,Leeds,"Briggate at McDonalds	",,Tuesday,2015,4,November,46,40,0,40,0,0,0,40,0,402015-11-17,1,Leeds,Commercial Street at Sharps,,Tuesday,2015,4,November,46,27,0,27,0,0,0,27,0,272015-11-17,1,Leeds,Commercial Street at Barratts,,Tuesday,2015,4,November,46,0,0,0,0,0,0,0,0,02015-11-17,1,Leeds,Headrow,,Tuesday,2015,4,November,46,29,0,29,0,0,0,29,0,292015-11-17,1,Leeds,"Dortmund Square	",,Tuesday,2015,4,November,46,39,0,39,0,0,0,39,0,392015-11-17,1,Leeds,Albion Street South,,Tuesday,2015,4,November,46,31,0,31,0,0,0,31,0,312015-11-17,1,Leeds,Albion Street North,,Tuesday,2015,4,November,46,32,0,32,0,0,0,32,0,322015-11-17,2,Leeds,Briggate,,Tuesday,2015,4,November,46,53,0,53,0,0,0,53,0,532015-11-17,2,Leeds,"Briggate at McDonalds	",,Tuesday,2015,4,November,46,50,0,50,0,0,0,50,0,502015-11-17,2,Leeds,Commercial Street at Sharps,,Tuesday,2015,4,November,46,14,0,14,0,0,0,14,0,142015-11-17,2,Leeds,Commercial Street at Barratts,,Tuesday,2015,4,November,46,0,0,0,0,0,0,0,0,02015-11-17,2,Leeds,Headrow,,Tuesday,2015,4,November,46,28,0,28,0,0,0,28,0,282015-11-17,2,Leeds,"Dortmund Square	",,Tuesday,2015,4,November,46,43,0,43,0,0,0,43,0,432015-11-17,2,Leeds,Albion Street South,,Tuesday,2015,4,November,46,45,0,45,0,0,0,45,0,452015-11-17,2,Leeds,Albion Street North,,Tuesday,2015,4,November,46,16,0,16,0,0,0,16,0,162015-11-17,3,Leeds,Briggate,,Tuesday,2015,4,November,46,86,0,86,0,0,0,86,0,862015-11-17,3,Leeds,"Briggate at McDonalds	",,Tuesday,2015,4,November,46,65,0,65,0,0,0,65,0,652015-11-17,3,Leeds,Commercial Street at Sharps,,Tuesday,2015,4,November,46,16,0,16,0,0,0,16,0,162015-11-17,3,Leeds,Commercial Street at Barratts,,Tuesday,2015,4,November,46,0,0,0,0,0,0,0,0,02015-11-17,3,Leeds,Headrow,,Tuesday,2015,4,November,46,35,0,35,0,0,0,35,0,352015-11-17,3,Leeds,"Dortmund Square	",,Tuesday,2015,4,November,46,58,0,58,0,0,0,58,0,582015-11-17,3,Leeds,Albion Street South,,Tuesday,2015,4,November,46,75,0,75,0,0,0,75,0,752015-11-17,3,Leeds,Albion Street North,,Tuesday,2015,4,November,46,19,0,19,0,0,0,19,0,192015-11-17,4,Leeds,Briggate,,Tuesday,2015,4,November,46,57,0,57,0,0,0,57,0,572015-11-17,4,Leeds,"Briggate at McDonalds	",,Tuesday,2015,4,November,46,24,0,24,0,0,0,24,0,242015-11-17,4,Leeds,Commercial Street at Sharps,,Tuesday,2015,4,November,46,33,0,33,0,0,0,33,0,332015-11-17,4,Leeds,Commercial Street at Barratts,,Tuesday,2015,4,November,46,0,0,0,0,0,0,0,0,02015-11-17,4,Leeds,Headrow,,Tuesday,2015,4,November,46,7,0,7,0,0,0,7,0,72015-11-17,4,Leeds,"Dortmund Square	",,Tuesday,2015,4,November,46,28,0,28,0,0,0,28,0,282015-11-17,4,Leeds,Albion Street South,,Tuesday,2015,4,November,46,25,0,25,0,0,0,25,0,252015-11-17,4,Leeds,Albion Street North,,Tuesday,2015,4,November,46,16,0,16,0,0,0,16,0,162015-11-17,5,Leeds,Briggate,,Tuesday,2015,4,November,46,38,0,38,0,0,0,38,0,382015-11-17,5,Leeds,"Briggate at McDonalds	",,Tuesday,2015,4,November,46,40,0,40,0,0,0,40,0,402015-11-17,5,Leeds,Commercial Street at Sharps,,Tuesday,2015,4,November,46,40,0,40,0,0,0,40,0,402015-11-17,5,Leeds,Commercial Street at Barratts,,Tuesday,2015,4,November,46,0,0,0,0,0,0,0,0,02015-11-17,5,Leeds,Headrow,,Tuesday,2015,4,November,46,31,0,31,0,0,0,31,0,312015-11-17,5,Leeds,"Dortmund Square	",,Tuesday,2015,4,November,46,28,0,28,0,0,0,28,0,282015-11-17,5,Leeds,Albion Street South,,Tuesday,2015,4,November,46,58,0,58,0,0,0,58,0,582015-11-17,5,Leeds,Albion Street North,,Tuesday,2015,4,November,46,17,0,17,0,0,0,17,0,172015-11-17,6,Leeds,Briggate,,Tuesday,2015,4,November,46,171,0,171,0,0,0,171,0,1712015-11-17,6,Leeds,"Briggate at McDonalds	",,Tuesday,2015,4,November,46,167,0,167,0,0,0,167,0,1672015-11-17,6,Leeds,Commercial Street at Sharps,,Tuesday,2015,4,November,46,88,0,88,0,0,0,88,0,882015-11-17,6,Leeds,Commercial Street at Barratts,,Tuesday,2015,4,November,46,60,0,60,0,0,0,60,0,602015-11-17,6,Leeds,Headrow,,Tuesday,2015,4,November,46,106,0,106,0,0,0,106,0,1062015-11-17,6,Leeds,"Dortmund Square	",,Tuesday,2015,4,November,46,127,0,127,0,0,0,127,0,1272015-11-17,6,Leeds,Albion Street South,,Tuesday,2015,4,November,46,104,0,104,0,0,0,104,0,1042015-11-17,6,Leeds,Albion Street North,,Tuesday,2015,4,November,46,55,0,55,0,0,0,55,0,552015-11-17,7,Leeds,Briggate,,Tuesday,2015,4,November,46,419,0,419,0,0,0,419,0,4192015-11-17,7,Leeds,"Briggate at McDonalds	",,Tuesday,2015,4,November,46,309,0,309,0,0,0,309,0,3092015-11-17,7,Leeds,Commercial Street at Sharps,,Tuesday,2015,4,November,46,292,0,292,0,0,0,292,0,2922015-11-17,7,Leeds,Commercial Street at Barratts,,Tuesday,2015,4,November,46,242,0,242,0,0,0,242,0,2422015-11-17,7,Leeds,Headrow,,Tuesday,2015,4,November,46,263,0,263,0,0,0,263,0,2632015-11-17,7,Leeds,"Dortmund Square	",,Tuesday,2015,4,November,46,456,0,456,0,0,0,456,0,4562015-11-17,7,Leeds,Albion Street South,,Tuesday,2015,4,November,46,430,0,430,0,0,0,430,0,4302015-11-17,7,Leeds,Albion Street North,,Tuesday,2015,4,November,46,293,0,293,0,0,0,293,0,2932015-11-17,8,Leeds,Briggate,,Tuesday,2015,4,November,46,1090,0,1090,0,0,0,1090,0,10902015-11-17,8,Leeds,"Briggate at McDonalds	",,Tuesday,2015,4,November,46,626,0,626,0,0,0,626,0,6262015-11-17,8,Leeds,Commercial Street at Sharps,,Tuesday,2015,4,November,46,973,0,973,0,0,0,973,0,9732015-11-17,8,Leeds,Commercial Street at Barratts,,Tuesday,2015,4,November,46,597,0,597,0,0,0,597,0,5972015-11-17,8,Leeds,Headrow,,Tuesday,2015,4,November,46,657,0,657,0,0,0,657,0,6572015-11-17,8,Leeds,"Dortmund Square	",,Tuesday,2015,4,November,46,1235,0,1235,0,0,0,1235,0,12352015-11-17,8,Leeds,Albion Street South,,Tuesday,2015,4,November,46,1271,0,1271,0,0,0,1271,0,12712015-11-17,8,Leeds,Albion Street North,,Tuesday,2015,4,November,46,617,0,617,0,0,0,617,0,6172015-11-17,9,Leeds,Briggate,,Tuesday,2015,4,November,46,1116,0,1116,0,0,0,1116,0,11162015-11-17,9,Leeds,"Briggate at McDonalds	",,Tuesday,2015,4,November,46,687,0,687,0,0,0,687,0,6872015-11-17,9,Leeds,Commercial Street at Sharps,,Tuesday,2015,4,November,46,1054,0,1054,0,0,0,1054,0,10542015-11-17,9,Leeds,Commercial Street at Barratts,,Tuesday,2015,4,November,46,560,0,560,0,0,0,560,0,5602015-11-17,9,Leeds,Headrow,,Tuesday,2015,4,November,46,795,0,795,0,0,0,795,0,7952015-11-17,9,Leeds,"Dortmund Square	",,Tuesday,2015,4,November,46,1087,0,1087,0,0,0,1087,0,10872015-11-17,9,Leeds,Albion Street South,,Tuesday,2015,4,November,46,1143,0,1143,0,0,0,1143,0,11432015-11-17,9,Leeds,Albion Street North,,Tuesday,2015,4,November,46,877,0,877,0,0,0,877,0,8772015-11-17,10,Leeds,Briggate,,Tuesday,2015,4,November,46,1656,0,1656,0,0,0,1656,0,16562015-11-17,10,Leeds,"Briggate at McDonalds	",,Tuesday,2015,4,November,46,836,0,836,0,0,0,836,0,8362015-11-17,10,Leeds,Commercial Street at Sharps,,Tuesday,2015,4,November,46,1640,0,1640,0,0,0,1640,0,16402015-11-17,10,Leeds,Commercial Street at Barratts,,Tuesday,2015,4,November,46,720,0,720,0,0,0,720,0,7202015-11-17,10,Leeds,Headrow,,Tuesday,2015,4,November,46,1278,0,1278,0,0,0,1278,0,12782015-11-17,10,Leeds,"Dortmund Square	",,Tuesday,2015,4,November,46,1354,0,1354,0,0,0,1354,0,13542015-11-17,10,Leeds,Albion Street South,,Tuesday,2015,4,November,46,1308,0,1308,0,0,0,1308,0,13082015-11-17,10,Leeds,Albion Street North,,Tuesday,2015,4,November,46,920,0,920,0,0,0,920,0,9202015-11-17,11,Leeds,Briggate,,Tuesday,2015,4,November,46,2129,0,2129,0,0,0,2129,0,21292015-11-17,11,Leeds,"Briggate at McDonalds	",,Tuesday,2015,4,November,46,990,0,990,0,0,0,990,0,9902015-11-17,11,Leeds,Commercial Street at Sharps,,Tuesday,2015,4,November,46,1988,0,1988,0,0,0,1988,0,19882015-11-17,11,Leeds,Commercial Street at Barratts,,Tuesday,2015,4,November,46,1040,0,1040,0,0,0,1040,0,10402015-11-17,11,Leeds,Headrow,,Tuesday,2015,4,November,46,1508,0,1508,0,0,0,1508,0,15082015-11-17,11,Leeds,"Dortmund Square	",,Tuesday,2015,4,November,46,1573,0,1573,0,0,0,1573,0,15732015-11-17,11,Leeds,Albion Street South,,Tuesday,2015,4,November,46,1607,0,1607,0,0,0,1607,0,16072015-11-17,11,Leeds,Albion Street North,,Tuesday,2015,4,November,46,1248,0,1248,0,0,0,1248,0,12482015-11-17,12,Leeds,Briggate,,Tuesday,2015,4,November,46,3368,0,3368,0,0,0,3368,0,33682015-11-17,12,Leeds,"Briggate at McDonalds	",,Tuesday,2015,4,November,46,1468,0,1468,0,0,0,1468,0,14682015-11-17,12,Leeds,Commercial Street at Sharps,,Tuesday,2015,4,November,46,2423,0,2423,0,0,0,2423,0,24232015-11-17,12,Leeds,Commercial Street at Barratts,,Tuesday,2015,4,November,46,1924,0,1924,0,0,0,1924,0,19242015-11-17,12,Leeds,Headrow,,Tuesday,2015,4,November,46,2289,0,2289,0,0,0,2289,0,22892015-11-17,12,Leeds,"Dortmund Square	",,Tuesday,2015,4,November,46,2470,0,2470,0,0,0,2470,0,24702015-11-17,12,Leeds,Albion Street South,,Tuesday,2015,4,November,46,3024,0,3024,0,0,0,3024,0,30242015-11-17,12,Leeds,Albion Street North,,Tuesday,2015,4,November,46,1613,0,1613,0,0,0,1613,0,16132015-11-17,13,Leeds,Briggate,,Tuesday,2015,4,November,46,3527,0,3527,0,0,0,3527,0,35272015-11-17,13,Leeds,"Briggate at McDonalds	",,Tuesday,2015,4,November,46,1436,0,1436,0,0,0,1436,0,14362015-11-17,13,Leeds,Commercial Street at Sharps,,Tuesday,2015,4,November,46,2109,0,2109,0,0,0,2109,0,21092015-11-17,13,Leeds,Commercial Street at Barratts,,Tuesday,2015,4,November,46,1885,0,1885,0,0,0,1885,0,18852015-11-17,13,Leeds,Headrow,,Tuesday,2015,4,November,46,2006,0,2006,0,0,0,2006,0,20062015-11-17,13,Leeds,"Dortmund Square	",,Tuesday,2015,4,November,46,2438,0,2438,0,0,0,2438,0,24382015-11-17,13,Leeds,Albion Street South,,Tuesday,2015,4,November,46,2685,0,2685,0,0,0,2685,0,26852015-11-17,13,Leeds,Albion Street North,,Tuesday,2015,4,November,46,1559,0,1559,0,0,0,1559,0,15592015-11-17,14,Leeds,Briggate,,Tuesday,2015,4,November,46,2410,0,2410,0,0,0,2410,0,24102015-11-17,14,Leeds,"Briggate at McDonalds	",,Tuesday,2015,4,November,46,1059,0,1059,0,0,0,1059,0,10592015-11-17,14,Leeds,Commercial Street at Sharps,,Tuesday,2015,4,November,46,1865,0,1865,0,0,0,1865,0,18652015-11-17,14,Leeds,Commercial Street at Barratts,,Tuesday,2015,4,November,46,1386,0,1386,0,0,0,1386,0,13862015-11-17,14,Leeds,Headrow,,Tuesday,2015,4,November,46,2733,0,2733,0,0,0,2733,0,27332015-11-17,14,Leeds,"Dortmund Square	",,Tuesday,2015,4,November,46,1889,0,1889,0,0,0,1889,0,18892015-11-17,14,Leeds,Albion Street South,,Tuesday,2015,4,November,46,1686,0,1686,0,0,0,1686,0,16862015-11-17,14,Leeds,Albion Street North,,Tuesday,2015,4,November,46,1087,0,1087,0,0,0,1087,0,10872015-11-17,15,Leeds,Briggate,,Tuesday,2015,4,November,46,2308,0,2308,0,0,0,2308,0,23082015-11-17,15,Leeds,"Briggate at McDonalds	",,Tuesday,2015,4,November,46,1124,0,1124,0,0,0,1124,0,11242015-11-17,15,Leeds,Commercial Street at Sharps,,Tuesday,2015,4,November,46,1915,0,1915,0,0,0,1915,0,19152015-11-17,15,Leeds,Commercial Street at Barratts,,Tuesday,2015,4,November,46,1123,0,1123,0,0,0,1123,0,11232015-11-17,15,Leeds,Headrow,,Tuesday,2015,4,November,46,2322,0,2322,0,0,0,2322,0,23222015-11-17,15,Leeds,"Dortmund Square	",,Tuesday,2015,4,November,46,1781,0,1781,0,0,0,1781,0,17812015-11-17,15,Leeds,Albion Street South,,Tuesday,2015,4,November,46,1623,0,1623,0,0,0,1623,0,16232015-11-17,15,Leeds,Albion Street North,,Tuesday,2015,4,November,46,841,0,841,0,0,0,841,0,8412015-11-17,16,Leeds,Briggate,,Tuesday,2015,4,November,46,1311,0,1311,0,0,0,1311,0,13112015-11-17,16,Leeds,"Briggate at McDonalds	",,Tuesday,2015,4,November,46,1123,0,1123,0,0,0,1123,0,11232015-11-17,16,Leeds,Commercial Street at Sharps,,Tuesday,2015,4,November,46,1961,0,1961,0,0,0,1961,0,19612015-11-17,16,Leeds,Commercial Street at Barratts,,Tuesday,2015,4,November,46,1100,0,1100,0,0,0,1100,0,11002015-11-17,16,Leeds,Headrow,,Tuesday,2015,4,November,46,1108,0,1108,0,0,0,1108,0,11082015-11-17,16,Leeds,"Dortmund Square	",,Tuesday,2015,4,November,46,2083,0,2083,0,0,0,2083,0,20832015-11-17,16,Leeds,Albion Street South,,Tuesday,2015,4,November,46,1768,0,1768,0,0,0,1768,0,17682015-11-17,16,Leeds,Albion Street North,,Tuesday,2015,4,November,46,914,0,914,0,0,0,914,0,9142015-11-17,17,Leeds,Briggate,,Tuesday,2015,4,November,46,1228,0,1228,0,0,0,1228,0,12282015-11-17,17,Leeds,"Briggate at McDonalds	",,Tuesday,2015,4,November,46,994,0,994,0,0,0,994,0,9942015-11-17,17,Leeds,Commercial Street at Sharps,,Tuesday,2015,4,November,46,1857,0,1857,0,0,0,1857,0,18572015-11-17,17,Leeds,Commercial Street at Barratts,,Tuesday,2015,4,November,46,1118,0,1118,0,0,0,1118,0,11182015-11-17,17,Leeds,Headrow,,Tuesday,2015,4,November,46,722,0,722,0,0,0,722,0,7222015-11-17,17,Leeds,"Dortmund Square	",,Tuesday,2015,4,November,46,1874,0,1874,0,0,0,1874,0,18742015-11-17,17,Leeds,Albion Street South,,Tuesday,2015,4,November,46,1713,0,1713,0,0,0,1713,0,17132015-11-17,17,Leeds,Albion Street North,,Tuesday,2015,4,November,46,693,0,693,0,0,0,693,0,6932015-11-17,18,Leeds,Briggate,,Tuesday,2015,4,November,46,852,0,852,0,0,0,852,0,8522015-11-17,18,Leeds,"Briggate at McDonalds	",,Tuesday,2015,4,November,46,711,0,711,0,0,0,711,0,7112015-11-17,18,Leeds,Commercial Street at Sharps,,Tuesday,2015,4,November,46,1034,0,1034,0,0,0,1034,0,10342015-11-17,18,Leeds,Commercial Street at Barratts,,Tuesday,2015,4,November,46,884,0,884,0,0,0,884,0,8842015-11-17,18,Leeds,Headrow,,Tuesday,2015,4,November,46,638,0,638,0,0,0,638,0,6382015-11-17,18,Leeds,"Dortmund Square	",,Tuesday,2015,4,November,46,1189,0,1189,0,0,0,1189,0,11892015-11-17,18,Leeds,Albion Street South,,Tuesday,2015,4,November,46,1130,0,1130,0,0,0,1130,0,11302015-11-17,18,Leeds,Albion Street North,,Tuesday,2015,4,November,46,361,0,361,0,0,0,361,0,3612015-11-17,19,Leeds,Briggate,,Tuesday,2015,4,November,46,330,0,330,0,0,0,330,0,3302015-11-17,19,Leeds,"Briggate at McDonalds	",,Tuesday,2015,4,November,46,365,0,365,0,0,0,365,0,3652015-11-17,19,Leeds,Commercial Street at Sharps,,Tuesday,2015,4,November,46,463,0,463,0,0,0,463,0,4632015-11-17,19,Leeds,Commercial Street at Barratts,,Tuesday,2015,4,November,46,258,0,258,0,0,0,258,0,2582015-11-17,19,Leeds,Headrow,,Tuesday,2015,4,November,46,879,0,879,0,0,0,879,0,8792015-11-17,19,Leeds,"Dortmund Square	",,Tuesday,2015,4,November,46,661,0,661,0,0,0,661,0,6612015-11-17,19,Leeds,Albion Street South,,Tuesday,2015,4,November,46,517,0,517,0,0,0,517,0,5172015-11-17,19,Leeds,Albion Street North,,Tuesday,2015,4,November,46,169,0,169,0,0,0,169,0,1692015-11-17,20,Leeds,Briggate,,Tuesday,2015,4,November,46,152,0,152,0,0,0,152,0,1522015-11-17,20,Leeds,"Briggate at McDonalds	",,Tuesday,2015,4,November,46,232,0,232,0,0,0,232,0,2322015-11-17,20,Leeds,Commercial Street at Sharps,,Tuesday,2015,4,November,46,256,0,256,0,0,0,256,0,2562015-11-17,20,Leeds,Commercial Street at Barratts,,Tuesday,2015,4,November,46,150,0,150,0,0,0,150,0,1502015-11-17,20,Leeds,Headrow,,Tuesday,2015,4,November,46,655,0,655,0,0,0,655,0,6552015-11-17,20,Leeds,"Dortmund Square	",,Tuesday,2015,4,November,46,464,0,464,0,0,0,464,0,4642015-11-17,20,Leeds,Albion Street South,,Tuesday,2015,4,November,46,317,0,317,0,0,0,317,0,3172015-11-17,20,Leeds,Albion Street North,,Tuesday,2015,4,November,46,88,0,88,0,0,0,88,0,882015-11-17,21,Leeds,Briggate,,Tuesday,2015,4,November,46,124,0,124,0,0,0,124,0,1242015-11-17,21,Leeds,"Briggate at McDonalds	",,Tuesday,2015,4,November,46,159,0,159,0,0,0,159,0,1592015-11-17,21,Leeds,Commercial Street at Sharps,,Tuesday,2015,4,November,46,174,0,174,0,0,0,174,0,1742015-11-17,21,Leeds,Commercial Street at Barratts,,Tuesday,2015,4,November,46,102,0,102,0,0,0,102,0,1022015-11-17,21,Leeds,Headrow,,Tuesday,2015,4,November,46,558,0,558,0,0,0,558,0,5582015-11-17,21,Leeds,"Dortmund Square	",,Tuesday,2015,4,November,46,223,0,223,0,0,0,223,0,2232015-11-17,21,Leeds,Albion Street South,,Tuesday,2015,4,November,46,155,0,155,0,0,0,155,0,1552015-11-17,21,Leeds,Albion Street North,,Tuesday,2015,4,November,46,63,0,63,0,0,0,63,0,632015-11-17,22,Leeds,Briggate,,Tuesday,2015,4,November,46,148,0,148,0,0,0,148,0,1482015-11-17,22,Leeds,"Briggate at McDonalds	",,Tuesday,2015,4,November,46,204,0,204,0,0,0,204,0,2042015-11-17,22,Leeds,Commercial Street at Sharps,,Tuesday,2015,4,November,46,121,0,121,0,0,0,121,0,1212015-11-17,22,Leeds,Commercial Street at Barratts,,Tuesday,2015,4,November,46,45,0,45,0,0,0,45,0,452015-11-17,22,Leeds,Headrow,,Tuesday,2015,4,November,46,1399,0,1399,0,0,0,1399,0,13992015-11-17,22,Leeds,"Dortmund Square	",,Tuesday,2015,4,November,46,260,0,260,0,0,0,260,0,2602015-11-17,22,Leeds,Albion Street South,,Tuesday,2015,4,November,46,112,0,112,0,0,0,112,0,1122015-11-17,22,Leeds,Albion Street North,,Tuesday,2015,4,November,46,72,0,72,0,0,0,72,0,722015-11-17,23,Leeds,Briggate,,Tuesday,2015,4,November,46,161,0,161,0,0,0,161,0,1612015-11-17,23,Leeds,"Briggate at McDonalds	",,Tuesday,2015,4,November,46,144,0,144,0,0,0,144,0,1442015-11-17,23,Leeds,Commercial Street at Sharps,,Tuesday,2015,4,November,46,123,0,123,0,0,0,123,0,1232015-11-17,23,Leeds,Commercial Street at Barratts,,Tuesday,2015,4,November,46,60,0,60,0,0,0,60,0,602015-11-17,23,Leeds,Headrow,,Tuesday,2015,4,November,46,252,0,252,0,0,0,252,0,2522015-11-17,23,Leeds,"Dortmund Square	",,Tuesday,2015,4,November,46,150,0,150,0,0,0,150,0,1502015-11-17,23,Leeds,Albion Street South,,Tuesday,2015,4,November,46,97,0,97,0,0,0,97,0,972015-11-17,23,Leeds,Albion Street North,,Tuesday,2015,4,November,46,34,0,34,0,0,0,34,0,342015-11-18,0,Leeds,Briggate,,Wednesday,2015,4,November,46,132,0,132,0,0,0,132,0,1322015-11-18,0,Leeds,"Briggate at McDonalds	",,Wednesday,2015,4,November,46,85,0,85,0,0,0,85,0,852015-11-18,0,Leeds,Commercial Street at Sharps,,Wednesday,2015,4,November,46,53,0,53,0,0,0,53,0,532015-11-18,0,Leeds,Commercial Street at Barratts,,Wednesday,2015,4,November,46,7,0,7,0,0,0,7,0,72015-11-18,0,Leeds,Headrow,,Wednesday,2015,4,November,46,73,0,73,0,0,0,73,0,732015-11-18,0,Leeds,"Dortmund Square	",,Wednesday,2015,4,November,46,49,0,49,0,0,0,49,0,492015-11-18,0,Leeds,Albion Street South,,Wednesday,2015,4,November,46,37,0,37,0,0,0,37,0,372015-11-18,0,Leeds,Albion Street North,,Wednesday,2015,4,November,46,16,0,16,0,0,0,16,0,162015-11-18,1,Leeds,Briggate,,Wednesday,2015,4,November,46,77,0,77,0,0,0,77,0,772015-11-18,1,Leeds,"Briggate at McDonalds	",,Wednesday,2015,4,November,46,63,0,63,0,0,0,63,0,632015-11-18,1,Leeds,Commercial Street at Sharps,,Wednesday,2015,4,November,46,30,0,30,0,0,0,30,0,302015-11-18,1,Leeds,Commercial Street at Barratts,,Wednesday,2015,4,November,46,4,0,4,0,0,0,4,0,42015-11-18,1,Leeds,Headrow,,Wednesday,2015,4,November,46,46,0,46,0,0,0,46,0,462015-11-18,1,Leeds,"Dortmund Square	",,Wednesday,2015,4,November,46,40,0,40,0,0,0,40,0,402015-11-18,1,Leeds,Albion Street South,,Wednesday,2015,4,November,46,37,0,37,0,0,0,37,0,372015-11-18,1,Leeds,Albion Street North,,Wednesday,2015,4,November,46,9,0,9,0,0,0,9,0,92015-11-18,2,Leeds,Briggate,,Wednesday,2015,4,November,46,123,0,123,0,0,0,123,0,1232015-11-18,2,Leeds,"Briggate at McDonalds	",,Wednesday,2015,4,November,46,65,0,65,0,0,0,65,0,652015-11-18,2,Leeds,Commercial Street at Sharps,,Wednesday,2015,4,November,46,16,0,16,0,0,0,16,0,162015-11-18,2,Leeds,Commercial Street at Barratts,,Wednesday,2015,4,November,46,0,0,0,0,0,0,0,0,02015-11-18,2,Leeds,Headrow,,Wednesday,2015,4,November,46,32,0,32,0,0,0,32,0,322015-11-18,2,Leeds,"Dortmund Square	",,Wednesday,2015,4,November,46,100,0,100,0,0,0,100,0,1002015-11-18,2,Leeds,Albion Street South,,Wednesday,2015,4,November,46,18,0,18,0,0,0,18,0,182015-11-18,2,Leeds,Albion Street North,,Wednesday,2015,4,November,46,16,0,16,0,0,0,16,0,162015-11-18,3,Leeds,Briggate,,Wednesday,2015,4,November,46,181,0,181,0,0,0,181,0,1812015-11-18,3,Leeds,"Briggate at McDonalds	",,Wednesday,2015,4,November,46,72,0,72,0,0,0,72,0,722015-11-18,3,Leeds,Commercial Street at Sharps,,Wednesday,2015,4,November,46,60,0,60,0,0,0,60,0,602015-11-18,3,Leeds,Commercial Street at Barratts,,Wednesday,2015,4,November,46,21,0,21,0,0,0,21,0,212015-11-18,3,Leeds,Headrow,,Wednesday,2015,4,November,46,38,0,38,0,0,0,38,0,382015-11-18,3,Leeds,"Dortmund Square	",,Wednesday,2015,4,November,46,48,0,48,0,0,0,48,0,482015-11-18,3,Leeds,Albion Street South,,Wednesday,2015,4,November,46,96,0,96,0,0,0,96,0,962015-11-18,3,Leeds,Albion Street North,,Wednesday,2015,4,November,46,30,0,30,0,0,0,30,0,302015-11-18,4,Leeds,Briggate,,Wednesday,2015,4,November,46,115,0,115,0,0,0,115,0,1152015-11-18,4,Leeds,"Briggate at McDonalds	",,Wednesday,2015,4,November,46,52,0,52,0,0,0,52,0,522015-11-18,4,Leeds,Commercial Street at Sharps,,Wednesday,2015,4,November,46,49,0,49,0,0,0,49,0,492015-11-18,4,Leeds,Commercial Street at Barratts,,Wednesday,2015,4,November,46,6,0,6,0,0,0,6,0,62015-11-18,4,Leeds,Headrow,,Wednesday,2015,4,November,46,28,0,28,0,0,0,28,0,282015-11-18,4,Leeds,"Dortmund Square	",,Wednesday,2015,4,November,46,33,0,33,0,0,0,33,0,332015-11-18,4,Leeds,Albion Street South,,Wednesday,2015,4,November,46,25,0,25,0,0,0,25,0,252015-11-18,4,Leeds,Albion Street North,,Wednesday,2015,4,November,46,23,0,23,0,0,0,23,0,232015-11-18,5,Leeds,Briggate,,Wednesday,2015,4,November,46,42,0,42,0,0,0,42,0,422015-11-18,5,Leeds,"Briggate at McDonalds	",,Wednesday,2015,4,November,46,54,0,54,0,0,0,54,0,542015-11-18,5,Leeds,Commercial Street at Sharps,,Wednesday,2015,4,November,46,44,0,44,0,0,0,44,0,442015-11-18,5,Leeds,Commercial Street at Barratts,,Wednesday,2015,4,November,46,18,0,18,0,0,0,18,0,182015-11-18,5,Leeds,Headrow,,Wednesday,2015,4,November,46,24,0,24,0,0,0,24,0,242015-11-18,5,Leeds,"Dortmund Square	",,Wednesday,2015,4,November,46,35,0,35,0,0,0,35,0,352015-11-18,5,Leeds,Albion Street South,,Wednesday,2015,4,November,46,55,0,55,0,0,0,55,0,552015-11-18,5,Leeds,Albion Street North,,Wednesday,2015,4,November,46,16,0,16,0,0,0,16,0,162015-11-18,6,Leeds,Briggate,,Wednesday,2015,4,November,46,125,0,125,0,0,0,125,0,1252015-11-18,6,Leeds,"Briggate at McDonalds	",,Wednesday,2015,4,November,46,142,0,142,0,0,0,142,0,1422015-11-18,6,Leeds,Commercial Street at Sharps,,Wednesday,2015,4,November,46,108,0,108,0,0,0,108,0,1082015-11-18,6,Leeds,Commercial Street at Barratts,,Wednesday,2015,4,November,46,72,0,72,0,0,0,72,0,722015-11-18,6,Leeds,Headrow,,Wednesday,2015,4,November,46,112,0,112,0,0,0,112,0,1122015-11-18,6,Leeds,"Dortmund Square	",,Wednesday,2015,4,November,46,124,0,124,0,0,0,124,0,1242015-11-18,6,Leeds,Albion Street South,,Wednesday,2015,4,November,46,156,0,156,0,0,0,156,0,1562015-11-18,6,Leeds,Albion Street North,,Wednesday,2015,4,November,46,47,0,47,0,0,0,47,0,472015-11-18,7,Leeds,Briggate,,Wednesday,2015,4,November,46,443,0,443,0,0,0,443,0,4432015-11-18,7,Leeds,"Briggate at McDonalds	",,Wednesday,2015,4,November,46,319,0,319,0,0,0,319,0,3192015-11-18,7,Leeds,Commercial Street at Sharps,,Wednesday,2015,4,November,46,269,0,269,0,0,0,269,0,2692015-11-18,7,Leeds,Commercial Street at Barratts,,Wednesday,2015,4,November,46,182,0,182,0,0,0,182,0,1822015-11-18,7,Leeds,Headrow,,Wednesday,2015,4,November,46,243,0,243,0,0,0,243,0,2432015-11-18,7,Leeds,"Dortmund Square	",,Wednesday,2015,4,November,46,434,0,434,0,0,0,434,0,4342015-11-18,7,Leeds,Albion Street South,,Wednesday,2015,4,November,46,516,0,516,0,0,0,516,0,5162015-11-18,7,Leeds,Albion Street North,,Wednesday,2015,4,November,46,258,0,258,0,0,0,258,0,2582015-11-18,8,Leeds,Briggate,,Wednesday,2015,4,November,46,1094,0,1094,0,0,0,1094,0,10942015-11-18,8,Leeds,"Briggate at McDonalds	",,Wednesday,2015,4,November,46,648,0,648,0,0,0,648,0,6482015-11-18,8,Leeds,Commercial Street at Sharps,,Wednesday,2015,4,November,46,950,0,950,0,0,0,950,0,9502015-11-18,8,Leeds,Commercial Street at Barratts,,Wednesday,2015,4,November,46,471,0,471,0,0,0,471,0,4712015-11-18,8,Leeds,Headrow,,Wednesday,2015,4,November,46,598,0,598,0,0,0,598,0,5982015-11-18,8,Leeds,"Dortmund Square	",,Wednesday,2015,4,November,46,1244,0,1244,0,0,0,1244,0,12442015-11-18,8,Leeds,Albion Street South,,Wednesday,2015,4,November,46,1381,0,1381,0,0,0,1381,0,13812015-11-18,8,Leeds,Albion Street North,,Wednesday,2015,4,November,46,741,0,741,0,0,0,741,0,7412015-11-18,9,Leeds,Briggate,,Wednesday,2015,4,November,46,1223,0,1223,0,0,0,1223,0,12232015-11-18,9,Leeds,"Briggate at McDonalds	",,Wednesday,2015,4,November,46,659,0,659,0,0,0,659,0,6592015-11-18,9,Leeds,Commercial Street at Sharps,,Wednesday,2015,4,November,46,928,0,928,0,0,0,928,0,9282015-11-18,9,Leeds,Commercial Street at Barratts,,Wednesday,2015,4,November,46,511,0,511,0,0,0,511,0,5112015-11-18,9,Leeds,Headrow,,Wednesday,2015,4,November,46,760,0,760,0,0,0,760,0,7602015-11-18,9,Leeds,"Dortmund Square	",,Wednesday,2015,4,November,46,1040,0,1040,0,0,0,1040,0,10402015-11-18,9,Leeds,Albion Street South,,Wednesday,2015,4,November,46,1014,0,1014,0,0,0,1014,0,10142015-11-18,9,Leeds,Albion Street North,,Wednesday,2015,4,November,46,590,0,590,0,0,0,590,0,5902015-11-18,10,Leeds,Briggate,,Wednesday,2015,4,November,46,1569,0,1569,0,0,0,1569,0,15692015-11-18,10,Leeds,"Briggate at McDonalds	",,Wednesday,2015,4,November,46,772,0,772,0,0,0,772,0,7722015-11-18,10,Leeds,Commercial Street at Sharps,,Wednesday,2015,4,November,46,1502,0,1502,0,0,0,1502,0,15022015-11-18,10,Leeds,Commercial Street at Barratts,,Wednesday,2015,4,November,46,710,0,710,0,0,0,710,0,7102015-11-18,10,Leeds,Headrow,,Wednesday,2015,4,November,46,1123,0,1123,0,0,0,1123,0,11232015-11-18,10,Leeds,"Dortmund Square	",,Wednesday,2015,4,November,46,1178,0,1178,0,0,0,1178,0,11782015-11-18,10,Leeds,Albion Street South,,Wednesday,2015,4,November,46,1283,0,1283,0,0,0,1283,0,12832015-11-18,10,Leeds,Albion Street North,,Wednesday,2015,4,November,46,710,0,710,0,0,0,710,0,7102015-11-18,11,Leeds,Briggate,,Wednesday,2015,4,November,46,2248,0,2248,0,0,0,2248,0,22482015-11-18,11,Leeds,"Briggate at McDonalds	",,Wednesday,2015,4,November,46,986,0,986,0,0,0,986,0,9862015-11-18,11,Leeds,Commercial Street at Sharps,,Wednesday,2015,4,November,46,2048,0,2048,0,0,0,2048,0,20482015-11-18,11,Leeds,Commercial Street at Barratts,,Wednesday,2015,4,November,46,1073,0,1073,0,0,0,1073,0,10732015-11-18,11,Leeds,Headrow,,Wednesday,2015,4,November,46,1532,0,1532,0,0,0,1532,0,15322015-11-18,11,Leeds,"Dortmund Square	",,Wednesday,2015,4,November,46,1523,0,1523,0,0,0,1523,0,15232015-11-18,11,Leeds,Albion Street South,,Wednesday,2015,4,November,46,1751,0,1751,0,0,0,1751,0,17512015-11-18,11,Leeds,Albion Street North,,Wednesday,2015,4,November,46,968,0,968,0,0,0,968,0,9682015-11-18,12,Leeds,Briggate,,Wednesday,2015,4,November,46,2945,0,2945,0,0,0,2945,0,29452015-11-18,12,Leeds,"Briggate at McDonalds	",,Wednesday,2015,4,November,46,1279,0,1279,0,0,0,1279,0,12792015-11-18,12,Leeds,Commercial Street at Sharps,,Wednesday,2015,4,November,46,2533,0,2533,0,0,0,2533,0,25332015-11-18,12,Leeds,Commercial Street at Barratts,,Wednesday,2015,4,November,46,2006,0,2006,0,0,0,2006,0,20062015-11-18,12,Leeds,Headrow,,Wednesday,2015,4,November,46,2377,0,2377,0,0,0,2377,0,23772015-11-18,12,Leeds,"Dortmund Square	",,Wednesday,2015,4,November,46,2254,0,2254,0,0,0,2254,0,22542015-11-18,12,Leeds,Albion Street South,,Wednesday,2015,4,November,46,2209,0,2209,0,0,0,2209,0,22092015-11-18,12,Leeds,Albion Street North,,Wednesday,2015,4,November,46,1659,0,1659,0,0,0,1659,0,16592015-11-18,13,Leeds,Briggate,,Wednesday,2015,4,November,46,3853,0,3853,0,0,0,3853,0,38532015-11-18,13,Leeds,"Briggate at McDonalds	",,Wednesday,2015,4,November,46,1512,0,1512,0,0,0,1512,0,15122015-11-18,13,Leeds,Commercial Street at Sharps,,Wednesday,2015,4,November,46,3406,0,3406,0,0,0,3406,0,34062015-11-18,13,Leeds,Commercial Street at Barratts,,Wednesday,2015,4,November,46,2046,0,2046,0,0,0,2046,0,20462015-11-18,13,Leeds,Headrow,,Wednesday,2015,4,November,46,2456,0,2456,0,0,0,2456,0,24562015-11-18,13,Leeds,"Dortmund Square	",,Wednesday,2015,4,November,46,2446,0,2446,0,0,0,2446,0,24462015-11-18,13,Leeds,Albion Street South,,Wednesday,2015,4,November,46,2871,0,2871,0,0,0,2871,0,28712015-11-18,13,Leeds,Albion Street North,,Wednesday,2015,4,November,46,1913,0,1913,0,0,0,1913,0,19132015-11-18,14,Leeds,Briggate,,Wednesday,2015,4,November,46,3005,0,3005,0,0,0,3005,0,30052015-11-18,14,Leeds,"Briggate at McDonalds	",,Wednesday,2015,4,November,46,1322,0,1322,0,0,0,1322,0,13222015-11-18,14,Leeds,Commercial Street at Sharps,,Wednesday,2015,4,November,46,2646,0,2646,0,0,0,2646,0,26462015-11-18,14,Leeds,Commercial Street at Barratts,,Wednesday,2015,4,November,46,1572,0,1572,0,0,0,1572,0,15722015-11-18,14,Leeds,Headrow,,Wednesday,2015,4,November,46,1792,0,1792,0,0,0,1792,0,17922015-11-18,14,Leeds,"Dortmund Square	",,Wednesday,2015,4,November,46,2013,0,2013,0,0,0,2013,0,20132015-11-18,14,Leeds,Albion Street South,,Wednesday,2015,4,November,46,2499,0,2499,0,0,0,2499,0,24992015-11-18,14,Leeds,Albion Street North,,Wednesday,2015,4,November,46,1359,0,1359,0,0,0,1359,0,13592015-11-18,15,Leeds,Briggate,,Wednesday,2015,4,November,46,2643,0,2643,0,0,0,2643,0,26432015-11-18,15,Leeds,"Briggate at McDonalds	",,Wednesday,2015,4,November,46,1250,0,1250,0,0,0,1250,0,12502015-11-18,15,Leeds,Commercial Street at Sharps,,Wednesday,2015,4,November,46,2353,0,2353,0,0,0,2353,0,23532015-11-18,15,Leeds,Commercial Street at Barratts,,Wednesday,2015,4,November,46,1363,0,1363,0,0,0,1363,0,13632015-11-18,15,Leeds,Headrow,,Wednesday,2015,4,November,46,1703,0,1703,0,0,0,1703,0,17032015-11-18,15,Leeds,"Dortmund Square	",,Wednesday,2015,4,November,46,1831,0,1831,0,0,0,1831,0,18312015-11-18,15,Leeds,Albion Street South,,Wednesday,2015,4,November,46,2260,0,2260,0,0,0,2260,0,22602015-11-18,15,Leeds,Albion Street North,,Wednesday,2015,4,November,46,1264,0,1264,0,0,0,1264,0,12642015-11-18,16,Leeds,Briggate,,Wednesday,2015,4,November,46,1591,0,1591,0,0,0,1591,0,15912015-11-18,16,Leeds,"Briggate at McDonalds	",,Wednesday,2015,4,November,46,1230,0,1230,0,0,0,1230,0,12302015-11-18,16,Leeds,Commercial Street at Sharps,,Wednesday,2015,4,November,46,1980,0,1980,0,0,0,1980,0,19802015-11-18,16,Leeds,Commercial Street at Barratts,,Wednesday,2015,4,November,46,1333,0,1333,0,0,0,1333,0,13332015-11-18,16,Leeds,Headrow,,Wednesday,2015,4,November,46,930,0,930,0,0,0,930,0,9302015-11-18,16,Leeds,"Dortmund Square	",,Wednesday,2015,4,November,46,2068,0,2068,0,0,0,2068,0,20682015-11-18,16,Leeds,Albion Street South,,Wednesday,2015,4,November,46,2232,0,2232,0,0,0,2232,0,22322015-11-18,16,Leeds,Albion Street North,,Wednesday,2015,4,November,46,912,0,912,0,0,0,912,0,9122015-11-18,17,Leeds,Briggate,,Wednesday,2015,4,November,46,1407,0,1407,0,0,0,1407,0,14072015-11-18,17,Leeds,"Briggate at McDonalds	",,Wednesday,2015,4,November,46,1132,0,1132,0,0,0,1132,0,11322015-11-18,17,Leeds,Commercial Street at Sharps,,Wednesday,2015,4,November,46,1803,0,1803,0,0,0,1803,0,18032015-11-18,17,Leeds,Commercial Street at Barratts,,Wednesday,2015,4,November,46,1050,0,1050,0,0,0,1050,0,10502015-11-18,17,Leeds,Headrow,,Wednesday,2015,4,November,46,360,0,360,0,0,0,360,0,3602015-11-18,17,Leeds,"Dortmund Square	",,Wednesday,2015,4,November,46,1881,0,1881,0,0,0,1881,0,18812015-11-18,17,Leeds,Albion Street South,,Wednesday,2015,4,November,46,2014,0,2014,0,0,0,2014,0,20142015-11-18,17,Leeds,Albion Street North,,Wednesday,2015,4,November,46,660,0,660,0,0,0,660,0,6602015-11-18,18,Leeds,Briggate,,Wednesday,2015,4,November,46,982,0,982,0,0,0,982,0,9822015-11-18,18,Leeds,"Briggate at McDonalds	",,Wednesday,2015,4,November,46,857,0,857,0,0,0,857,0,8572015-11-18,18,Leeds,Commercial Street at Sharps,,Wednesday,2015,4,November,46,973,0,973,0,0,0,973,0,9732015-11-18,18,Leeds,Commercial Street at Barratts,,Wednesday,2015,4,November,46,508,0,508,0,0,0,508,0,5082015-11-18,18,Leeds,Headrow,,Wednesday,2015,4,November,46,422,0,422,0,0,0,422,0,4222015-11-18,18,Leeds,"Dortmund Square	",,Wednesday,2015,4,November,46,1248,0,1248,0,0,0,1248,0,12482015-11-18,18,Leeds,Albion Street South,,Wednesday,2015,4,November,46,1195,0,1195,0,0,0,1195,0,11952015-11-18,18,Leeds,Albion Street North,,Wednesday,2015,4,November,46,413,0,413,0,0,0,413,0,4132015-11-18,19,Leeds,Briggate,,Wednesday,2015,4,November,46,521,0,521,0,0,0,521,0,5212015-11-18,19,Leeds,"Briggate at McDonalds	",,Wednesday,2015,4,November,46,414,0,414,0,0,0,414,0,4142015-11-18,19,Leeds,Commercial Street at Sharps,,Wednesday,2015,4,November,46,437,0,437,0,0,0,437,0,4372015-11-18,19,Leeds,Commercial Street at Barratts,,Wednesday,2015,4,November,46,279,0,279,0,0,0,279,0,2792015-11-18,19,Leeds,Headrow,,Wednesday,2015,4,November,46,204,0,204,0,0,0,204,0,2042015-11-18,19,Leeds,"Dortmund Square	",,Wednesday,2015,4,November,46,634,0,634,0,0,0,634,0,6342015-11-18,19,Leeds,Albion Street South,,Wednesday,2015,4,November,46,530,0,530,0,0,0,530,0,5302015-11-18,19,Leeds,Albion Street North,,Wednesday,2015,4,November,46,133,0,133,0,0,0,133,0,1332015-11-18,20,Leeds,Briggate,,Wednesday,2015,4,November,46,265,0,265,0,0,0,265,0,2652015-11-18,20,Leeds,"Briggate at McDonalds	",,Wednesday,2015,4,November,46,245,0,245,0,0,0,245,0,2452015-11-18,20,Leeds,Commercial Street at Sharps,,Wednesday,2015,4,November,46,273,0,273,0,0,0,273,0,2732015-11-18,20,Leeds,Commercial Street at Barratts,,Wednesday,2015,4,November,46,188,0,188,0,0,0,188,0,1882015-11-18,20,Leeds,Headrow,,Wednesday,2015,4,November,46,600,0,600,0,0,0,600,0,6002015-11-18,20,Leeds,"Dortmund Square	",,Wednesday,2015,4,November,46,391,0,391,0,0,0,391,0,3912015-11-18,20,Leeds,Albion Street South,,Wednesday,2015,4,November,46,360,0,360,0,0,0,360,0,3602015-11-18,20,Leeds,Albion Street North,,Wednesday,2015,4,November,46,124,0,124,0,0,0,124,0,1242015-11-18,21,Leeds,Briggate,,Wednesday,2015,4,November,46,192,0,192,0,0,0,192,0,1922015-11-18,21,Leeds,"Briggate at McDonalds	",,Wednesday,2015,4,November,46,135,0,135,0,0,0,135,0,1352015-11-18,21,Leeds,Commercial Street at Sharps,,Wednesday,2015,4,November,46,164,0,164,0,0,0,164,0,1642015-11-18,21,Leeds,Commercial Street at Barratts,,Wednesday,2015,4,November,46,139,0,139,0,0,0,139,0,1392015-11-18,21,Leeds,Headrow,,Wednesday,2015,4,November,46,590,0,590,0,0,0,590,0,5902015-11-18,21,Leeds,"Dortmund Square	",,Wednesday,2015,4,November,46,225,0,225,0,0,0,225,0,2252015-11-18,21,Leeds,Albion Street South,,Wednesday,2015,4,November,46,192,0,192,0,0,0,192,0,1922015-11-18,21,Leeds,Albion Street North,,Wednesday,2015,4,November,46,85,0,85,0,0,0,85,0,852015-11-18,22,Leeds,Briggate,,Wednesday,2015,4,November,46,252,0,252,0,0,0,252,0,2522015-11-18,22,Leeds,"Briggate at McDonalds	",,Wednesday,2015,4,November,46,225,0,225,0,0,0,225,0,2252015-11-18,22,Leeds,Commercial Street at Sharps,,Wednesday,2015,4,November,46,136,0,136,0,0,0,136,0,1362015-11-18,22,Leeds,Commercial Street at Barratts,,Wednesday,2015,4,November,46,81,0,81,0,0,0,81,0,812015-11-18,22,Leeds,Headrow,,Wednesday,2015,4,November,46,617,0,617,0,0,0,617,0,6172015-11-18,22,Leeds,"Dortmund Square	",,Wednesday,2015,4,November,46,193,0,193,0,0,0,193,0,1932015-11-18,22,Leeds,Albion Street South,,Wednesday,2015,4,November,46,130,0,130,0,0,0,130,0,1302015-11-18,22,Leeds,Albion Street North,,Wednesday,2015,4,November,46,48,0,48,0,0,0,48,0,482015-11-18,23,Leeds,Briggate,,Wednesday,2015,4,November,46,101,0,101,0,0,0,101,0,1012015-11-18,23,Leeds,"Briggate at McDonalds	",,Wednesday,2015,4,November,46,95,0,95,0,0,0,95,0,952015-11-18,23,Leeds,Commercial Street at Sharps,,Wednesday,2015,4,November,46,95,0,95,0,0,0,95,0,952015-11-18,23,Leeds,Commercial Street at Barratts,,Wednesday,2015,4,November,46,42,0,42,0,0,0,42,0,422015-11-18,23,Leeds,Headrow,,Wednesday,2015,4,November,46,92,0,92,0,0,0,92,0,922015-11-18,23,Leeds,"Dortmund Square	",,Wednesday,2015,4,November,46,117,0,117,0,0,0,117,0,1172015-11-18,23,Leeds,Albion Street South,,Wednesday,2015,4,November,46,53,0,53,0,0,0,53,0,532015-11-18,23,Leeds,Albion Street North,,Wednesday,2015,4,November,46,30,0,30,0,0,0,30,0,302015-11-19,0,Leeds,Briggate,,Thursday,2015,4,November,46,60,0,60,0,0,0,60,0,602015-11-19,0,Leeds,"Briggate at McDonalds	",,Thursday,2015,4,November,46,57,0,57,0,0,0,57,0,572015-11-19,0,Leeds,Commercial Street at Sharps,,Thursday,2015,4,November,46,61,0,61,0,0,0,61,0,612015-11-19,0,Leeds,Commercial Street at Barratts,,Thursday,2015,4,November,46,11,0,11,0,0,0,11,0,112015-11-19,0,Leeds,Headrow,,Thursday,2015,4,November,46,58,0,58,0,0,0,58,0,582015-11-19,0,Leeds,"Dortmund Square	",,Thursday,2015,4,November,46,57,0,57,0,0,0,57,0,572015-11-19,0,Leeds,Albion Street South,,Thursday,2015,4,November,46,27,0,27,0,0,0,27,0,272015-11-19,0,Leeds,Albion Street North,,Thursday,2015,4,November,46,18,0,18,0,0,0,18,0,182015-11-19,1,Leeds,Briggate,,Thursday,2015,4,November,46,72,0,72,0,0,0,72,0,722015-11-19,1,Leeds,"Briggate at McDonalds	",,Thursday,2015,4,November,46,52,0,52,0,0,0,52,0,522015-11-19,1,Leeds,Commercial Street at Sharps,,Thursday,2015,4,November,46,21,0,21,0,0,0,21,0,212015-11-19,1,Leeds,Commercial Street at Barratts,,Thursday,2015,4,November,46,0,0,0,0,0,0,0,0,02015-11-19,1,Leeds,Headrow,,Thursday,2015,4,November,46,42,0,42,0,0,0,42,0,422015-11-19,1,Leeds,"Dortmund Square	",,Thursday,2015,4,November,46,25,0,25,0,0,0,25,0,252015-11-19,1,Leeds,Albion Street South,,Thursday,2015,4,November,46,12,0,12,0,0,0,12,0,122015-11-19,1,Leeds,Albion Street North,,Thursday,2015,4,November,46,7,0,7,0,0,0,7,0,72015-11-19,2,Leeds,Briggate,,Thursday,2015,4,November,46,55,0,55,0,0,0,55,0,552015-11-19,2,Leeds,"Briggate at McDonalds	",,Thursday,2015,4,November,46,27,0,27,0,0,0,27,0,272015-11-19,2,Leeds,Commercial Street at Sharps,,Thursday,2015,4,November,46,15,0,15,0,0,0,15,0,152015-11-19,2,Leeds,Commercial Street at Barratts,,Thursday,2015,4,November,46,0,0,0,0,0,0,0,0,02015-11-19,2,Leeds,Headrow,,Thursday,2015,4,November,46,35,0,35,0,0,0,35,0,352015-11-19,2,Leeds,"Dortmund Square	",,Thursday,2015,4,November,46,22,0,22,0,0,0,22,0,222015-11-19,2,Leeds,Albion Street South,,Thursday,2015,4,November,46,27,0,27,0,0,0,27,0,272015-11-19,2,Leeds,Albion Street North,,Thursday,2015,4,November,46,4,0,4,0,0,0,4,0,42015-11-19,3,Leeds,Briggate,,Thursday,2015,4,November,46,39,0,39,0,0,0,39,0,392015-11-19,3,Leeds,"Briggate at McDonalds	",,Thursday,2015,4,November,46,19,0,19,0,0,0,19,0,192015-11-19,3,Leeds,Commercial Street at Sharps,,Thursday,2015,4,November,46,16,0,16,0,0,0,16,0,162015-11-19,3,Leeds,Commercial Street at Barratts,,Thursday,2015,4,November,46,0,0,0,0,0,0,0,0,02015-11-19,3,Leeds,Headrow,,Thursday,2015,4,November,46,23,0,23,0,0,0,23,0,232015-11-19,3,Leeds,"Dortmund Square	",,Thursday,2015,4,November,46,7,0,7,0,0,0,7,0,72015-11-19,3,Leeds,Albion Street South,,Thursday,2015,4,November,46,21,0,21,0,0,0,21,0,212015-11-19,3,Leeds,Albion Street North,,Thursday,2015,4,November,46,6,0,6,0,0,0,6,0,62015-11-19,4,Leeds,Briggate,,Thursday,2015,4,November,46,31,0,31,0,0,0,31,0,312015-11-19,4,Leeds,"Briggate at McDonalds	",,Thursday,2015,4,November,46,7,0,7,0,0,0,7,0,72015-11-19,4,Leeds,Commercial Street at Sharps,,Thursday,2015,4,November,46,61,0,61,0,0,0,61,0,612015-11-19,4,Leeds,Commercial Street at Barratts,,Thursday,2015,4,November,46,0,0,0,0,0,0,0,0,02015-11-19,4,Leeds,Headrow,,Thursday,2015,4,November,46,42,0,42,0,0,0,42,0,422015-11-19,4,Leeds,"Dortmund Square	",,Thursday,2015,4,November,46,23,0,23,0,0,0,23,0,232015-11-19,4,Leeds,Albion Street South,,Thursday,2015,4,November,46,30,0,30,0,0,0,30,0,302015-11-19,4,Leeds,Albion Street North,,Thursday,2015,4,November,46,18,0,18,0,0,0,18,0,182015-11-19,5,Leeds,Briggate,,Thursday,2015,4,November,46,10,0,10,0,0,0,10,0,102015-11-19,5,Leeds,"Briggate at McDonalds	",,Thursday,2015,4,November,46,48,0,48,0,0,0,48,0,482015-11-19,5,Leeds,Commercial Street at Sharps,,Thursday,2015,4,November,46,40,0,40,0,0,0,40,0,402015-11-19,5,Leeds,Commercial Street at Barratts,,Thursday,2015,4,November,46,85,0,85,0,0,0,85,0,852015-11-19,5,Leeds,Headrow,,Thursday,2015,4,November,46,29,0,29,0,0,0,29,0,292015-11-19,5,Leeds,"Dortmund Square	",,Thursday,2015,4,November,46,31,0,31,0,0,0,31,0,312015-11-19,5,Leeds,Albion Street South,,Thursday,2015,4,November,46,56,0,56,0,0,0,56,0,562015-11-19,5,Leeds,Albion Street North,,Thursday,2015,4,November,46,27,0,27,0,0,0,27,0,272015-11-19,6,Leeds,Briggate,,Thursday,2015,4,November,46,170,0,170,0,0,0,170,0,1702015-11-19,6,Leeds,"Briggate at McDonalds	",,Thursday,2015,4,November,46,145,0,145,0,0,0,145,0,1452015-11-19,6,Leeds,Commercial Street at Sharps,,Thursday,2015,4,November,46,136,0,136,0,0,0,136,0,1362015-11-19,6,Leeds,Commercial Street at Barratts,,Thursday,2015,4,November,46,85,0,85,0,0,0,85,0,852015-11-19,6,Leeds,Headrow,,Thursday,2015,4,November,46,131,0,131,0,0,0,131,0,1312015-11-19,6,Leeds,"Dortmund Square	",,Thursday,2015,4,November,46,134,0,134,0,0,0,134,0,1342015-11-19,6,Leeds,Albion Street South,,Thursday,2015,4,November,46,118,0,118,0,0,0,118,0,1182015-11-19,6,Leeds,Albion Street North,,Thursday,2015,4,November,46,40,0,40,0,0,0,40,0,402015-11-19,7,Leeds,Briggate,,Thursday,2015,4,November,46,418,0,418,0,0,0,418,0,4182015-11-19,7,Leeds,"Briggate at McDonalds	",,Thursday,2015,4,November,46,331,0,331,0,0,0,331,0,3312015-11-19,7,Leeds,Commercial Street at Sharps,,Thursday,2015,4,November,46,392,0,392,0,0,0,392,0,3922015-11-19,7,Leeds,Commercial Street at Barratts,,Thursday,2015,4,November,46,241,0,241,0,0,0,241,0,2412015-11-19,7,Leeds,Headrow,,Thursday,2015,4,November,46,353,0,353,0,0,0,353,0,3532015-11-19,7,Leeds,"Dortmund Square	",,Thursday,2015,4,November,46,457,0,457,0,0,0,457,0,4572015-11-19,7,Leeds,Albion Street South,,Thursday,2015,4,November,46,437,0,437,0,0,0,437,0,4372015-11-19,7,Leeds,Albion Street North,,Thursday,2015,4,November,46,306,0,306,0,0,0,306,0,3062015-11-19,8,Leeds,Briggate,,Thursday,2015,4,November,46,930,0,930,0,0,0,930,0,9302015-11-19,8,Leeds,"Briggate at McDonalds	",,Thursday,2015,4,November,46,474,0,474,0,0,0,474,0,4742015-11-19,8,Leeds,Commercial Street at Sharps,,Thursday,2015,4,November,46,984,0,984,0,0,0,984,0,9842015-11-19,8,Leeds,Commercial Street at Barratts,,Thursday,2015,4,November,46,633,0,633,0,0,0,633,0,6332015-11-19,8,Leeds,Headrow,,Thursday,2015,4,November,46,648,0,648,0,0,0,648,0,6482015-11-19,8,Leeds,"Dortmund Square	",,Thursday,2015,4,November,46,1212,0,1212,0,0,0,1212,0,12122015-11-19,8,Leeds,Albion Street South,,Thursday,2015,4,November,46,737,0,737,0,0,0,737,0,7372015-11-19,8,Leeds,Albion Street North,,Thursday,2015,4,November,46,744,0,744,0,0,0,744,0,7442015-11-19,9,Leeds,Briggate,,Thursday,2015,4,November,46,1035,0,1035,0,0,0,1035,0,10352015-11-19,9,Leeds,"Briggate at McDonalds	",,Thursday,2015,4,November,46,456,0,456,0,0,0,456,0,4562015-11-19,9,Leeds,Commercial Street at Sharps,,Thursday,2015,4,November,46,781,0,781,0,0,0,781,0,7812015-11-19,9,Leeds,Commercial Street at Barratts,,Thursday,2015,4,November,46,653,0,653,0,0,0,653,0,6532015-11-19,9,Leeds,Headrow,,Thursday,2015,4,November,46,757,0,757,0,0,0,757,0,7572015-11-19,9,Leeds,"Dortmund Square	",,Thursday,2015,4,November,46,897,0,897,0,0,0,897,0,8972015-11-19,9,Leeds,Albion Street South,,Thursday,2015,4,November,46,856,0,856,0,0,0,856,0,8562015-11-19,9,Leeds,Albion Street North,,Thursday,2015,4,November,46,563,0,563,0,0,0,563,0,5632015-11-19,10,Leeds,Briggate,,Thursday,2015,4,November,46,1593,0,1593,0,0,0,1593,0,15932015-11-19,10,Leeds,"Briggate at McDonalds	",,Thursday,2015,4,November,46,763,0,763,0,0,0,763,0,7632015-11-19,10,Leeds,Commercial Street at Sharps,,Thursday,2015,4,November,46,1632,0,1632,0,0,0,1632,0,16322015-11-19,10,Leeds,Commercial Street at Barratts,,Thursday,2015,4,November,46,1002,0,1002,0,0,0,1002,0,10022015-11-19,10,Leeds,Headrow,,Thursday,2015,4,November,46,1034,0,1034,0,0,0,1034,0,10342015-11-19,10,Leeds,"Dortmund Square	",,Thursday,2015,4,November,46,1319,0,1319,0,0,0,1319,0,13192015-11-19,10,Leeds,Albion Street South,,Thursday,2015,4,November,46,1130,0,1130,0,0,0,1130,0,11302015-11-19,10,Leeds,Albion Street North,,Thursday,2015,4,November,46,851,0,851,0,0,0,851,0,8512015-11-19,11,Leeds,Briggate,,Thursday,2015,4,November,46,2678,0,2678,0,0,0,2678,0,26782015-11-19,11,Leeds,"Briggate at McDonalds	",,Thursday,2015,4,November,46,1083,0,1083,0,0,0,1083,0,10832015-11-19,11,Leeds,Commercial Street at Sharps,,Thursday,2015,4,November,46,2167,0,2167,0,0,0,2167,0,21672015-11-19,11,Leeds,Commercial Street at Barratts,,Thursday,2015,4,November,46,1404,0,1404,0,0,0,1404,0,14042015-11-19,11,Leeds,Headrow,,Thursday,2015,4,November,46,1317,0,1317,0,0,0,1317,0,13172015-11-19,11,Leeds,"Dortmund Square	",,Thursday,2015,4,November,46,1623,0,1623,0,0,0,1623,0,16232015-11-19,11,Leeds,Albion Street South,,Thursday,2015,4,November,46,2433,0,2433,0,0,0,2433,0,24332015-11-19,11,Leeds,Albion Street North,,Thursday,2015,4,November,46,1168,0,1168,0,0,0,1168,0,11682015-11-19,12,Leeds,Briggate,,Thursday,2015,4,November,46,3084,0,3084,0,0,0,3084,0,30842015-11-19,12,Leeds,"Briggate at McDonalds	",,Thursday,2015,4,November,46,1148,0,1148,0,0,0,1148,0,11482015-11-19,12,Leeds,Commercial Street at Sharps,,Thursday,2015,4,November,46,2167,0,2167,0,0,0,2167,0,21672015-11-19,12,Leeds,Commercial Street at Barratts,,Thursday,2015,4,November,46,2423,0,2423,0,0,0,2423,0,24232015-11-19,12,Leeds,Headrow,,Thursday,2015,4,November,46,1428,0,1428,0,0,0,1428,0,14282015-11-19,12,Leeds,"Dortmund Square	",,Thursday,2015,4,November,46,2150,0,2150,0,0,0,2150,0,21502015-11-19,12,Leeds,Albion Street South,,Thursday,2015,4,November,46,2418,0,2418,0,0,0,2418,0,24182015-11-19,12,Leeds,Albion Street North,,Thursday,2015,4,November,46,2069,0,2069,0,0,0,2069,0,20692015-11-19,13,Leeds,Briggate,,Thursday,2015,4,November,46,3701,0,3701,0,0,0,3701,0,37012015-11-19,13,Leeds,"Briggate at McDonalds	",,Thursday,2015,4,November,46,1221,0,1221,0,0,0,1221,0,12212015-11-19,13,Leeds,Commercial Street at Sharps,,Thursday,2015,4,November,46,3331,0,3331,0,0,0,3331,0,33312015-11-19,13,Leeds,Commercial Street at Barratts,,Thursday,2015,4,November,46,2409,0,2409,0,0,0,2409,0,24092015-11-19,13,Leeds,Headrow,,Thursday,2015,4,November,46,1671,0,1671,0,0,0,1671,0,16712015-11-19,13,Leeds,"Dortmund Square	",,Thursday,2015,4,November,46,2347,0,2347,0,0,0,2347,0,23472015-11-19,13,Leeds,Albion Street South,,Thursday,2015,4,November,46,2570,0,2570,0,0,0,2570,0,25702015-11-19,13,Leeds,Albion Street North,,Thursday,2015,4,November,46,2306,0,2306,0,0,0,2306,0,23062015-11-19,14,Leeds,Briggate,,Thursday,2015,4,November,46,2740,0,2740,0,0,0,2740,0,27402015-11-19,14,Leeds,"Briggate at McDonalds	",,Thursday,2015,4,November,46,1075,0,1075,0,0,0,1075,0,10752015-11-19,14,Leeds,Commercial Street at Sharps,,Thursday,2015,4,November,46,2667,0,2667,0,0,0,2667,0,26672015-11-19,14,Leeds,Commercial Street at Barratts,,Thursday,2015,4,November,46,1752,0,1752,0,0,0,1752,0,17522015-11-19,14,Leeds,Headrow,,Thursday,2015,4,November,46,1542,0,1542,0,0,0,1542,0,15422015-11-19,14,Leeds,"Dortmund Square	",,Thursday,2015,4,November,46,1958,0,1958,0,0,0,1958,0,19582015-11-19,14,Leeds,Albion Street South,,Thursday,2015,4,November,46,2403,0,2403,0,0,0,2403,0,24032015-11-19,14,Leeds,Albion Street North,,Thursday,2015,4,November,46,1851,0,1851,0,0,0,1851,0,18512015-11-19,15,Leeds,Briggate,,Thursday,2015,4,November,46,2514,0,2514,0,0,0,2514,0,25142015-11-19,15,Leeds,"Briggate at McDonalds	",,Thursday,2015,4,November,46,1243,0,1243,0,0,0,1243,0,12432015-11-19,15,Leeds,Commercial Street at Sharps,,Thursday,2015,4,November,46,2435,0,2435,0,0,0,2435,0,24352015-11-19,15,Leeds,Commercial Street at Barratts,,Thursday,2015,4,November,46,1656,0,1656,0,0,0,1656,0,16562015-11-19,15,Leeds,Headrow,,Thursday,2015,4,November,46,1678,0,1678,0,0,0,1678,0,16782015-11-19,15,Leeds,"Dortmund Square	",,Thursday,2015,4,November,46,1935,0,1935,0,0,0,1935,0,19352015-11-19,15,Leeds,Albion Street South,,Thursday,2015,4,November,46,2411,0,2411,0,0,0,2411,0,24112015-11-19,15,Leeds,Albion Street North,,Thursday,2015,4,November,46,1816,0,1816,0,0,0,1816,0,18162015-11-19,16,Leeds,Briggate,,Thursday,2015,4,November,46,1331,0,1331,0,0,0,1331,0,13312015-11-19,16,Leeds,"Briggate at McDonalds	",,Thursday,2015,4,November,46,1390,0,1390,0,0,0,1390,0,13902015-11-19,16,Leeds,Commercial Street at Sharps,,Thursday,2015,4,November,46,2216,0,2216,0,0,0,2216,0,22162015-11-19,16,Leeds,Commercial Street at Barratts,,Thursday,2015,4,November,46,1743,0,1743,0,0,0,1743,0,17432015-11-19,16,Leeds,Headrow,,Thursday,2015,4,November,46,400,0,400,0,0,0,400,0,4002015-11-19,16,Leeds,"Dortmund Square	",,Thursday,2015,4,November,46,2274,0,2274,0,0,0,2274,0,22742015-11-19,16,Leeds,Albion Street South,,Thursday,2015,4,November,46,2427,0,2427,0,0,0,2427,0,24272015-11-19,16,Leeds,Albion Street North,,Thursday,2015,4,November,46,1457,0,1457,0,0,0,1457,0,14572015-11-19,17,Leeds,Briggate,,Thursday,2015,4,November,46,1366,0,1366,0,0,0,1366,0,13662015-11-19,17,Leeds,"Briggate at McDonalds	",,Thursday,2015,4,November,46,1395,0,1395,0,0,0,1395,0,13952015-11-19,17,Leeds,Commercial Street at Sharps,,Thursday,2015,4,November,46,2177,0,2177,0,0,0,2177,0,21772015-11-19,17,Leeds,Commercial Street at Barratts,,Thursday,2015,4,November,46,1362,0,1362,0,0,0,1362,0,13622015-11-19,17,Leeds,Headrow,,Thursday,2015,4,November,46,167,0,167,0,0,0,167,0,1672015-11-19,17,Leeds,"Dortmund Square	",,Thursday,2015,4,November,46,2188,0,2188,0,0,0,2188,0,21882015-11-19,17,Leeds,Albion Street South,,Thursday,2015,4,November,46,2644,0,2644,0,0,0,2644,0,26442015-11-19,17,Leeds,Albion Street North,,Thursday,2015,4,November,46,1150,0,1150,0,0,0,1150,0,11502015-11-19,18,Leeds,Briggate,,Thursday,2015,4,November,46,1029,0,1029,0,0,0,1029,0,10292015-11-19,18,Leeds,"Briggate at McDonalds	",,Thursday,2015,4,November,46,1017,0,1017,0,0,0,1017,0,10172015-11-19,18,Leeds,Commercial Street at Sharps,,Thursday,2015,4,November,46,1349,0,1349,0,0,0,1349,0,13492015-11-19,18,Leeds,Commercial Street at Barratts,,Thursday,2015,4,November,46,838,0,838,0,0,0,838,0,8382015-11-19,18,Leeds,Headrow,,Thursday,2015,4,November,46,143,0,143,0,0,0,143,0,1432015-11-19,18,Leeds,"Dortmund Square	",,Thursday,2015,4,November,46,1397,0,1397,0,0,0,1397,0,13972015-11-19,18,Leeds,Albion Street South,,Thursday,2015,4,November,46,1566,0,1566,0,0,0,1566,0,15662015-11-19,18,Leeds,Albion Street North,,Thursday,2015,4,November,46,750,0,750,0,0,0,750,0,7502015-11-19,19,Leeds,Briggate,,Thursday,2015,4,November,46,638,0,638,0,0,0,638,0,6382015-11-19,19,Leeds,"Briggate at McDonalds	",,Thursday,2015,4,November,46,741,0,741,0,0,0,741,0,7412015-11-19,19,Leeds,Commercial Street at Sharps,,Thursday,2015,4,November,46,724,0,724,0,0,0,724,0,7242015-11-19,19,Leeds,Commercial Street at Barratts,,Thursday,2015,4,November,46,367,0,367,0,0,0,367,0,3672015-11-19,19,Leeds,Headrow,,Thursday,2015,4,November,46,97,0,97,0,0,0,97,0,972015-11-19,19,Leeds,"Dortmund Square	",,Thursday,2015,4,November,46,1009,0,1009,0,0,0,1009,0,10092015-11-19,19,Leeds,Albion Street South,,Thursday,2015,4,November,46,920,0,920,0,0,0,920,0,9202015-11-19,19,Leeds,Albion Street North,,Thursday,2015,4,November,46,457,0,457,0,0,0,457,0,4572015-11-19,20,Leeds,Briggate,,Thursday,2015,4,November,46,417,0,417,0,0,0,417,0,4172015-11-19,20,Leeds,"Briggate at McDonalds	",,Thursday,2015,4,November,46,409,0,409,0,0,0,409,0,4092015-11-19,20,Leeds,Commercial Street at Sharps,,Thursday,2015,4,November,46,347,0,347,0,0,0,347,0,3472015-11-19,20,Leeds,Commercial Street at Barratts,,Thursday,2015,4,November,46,239,0,239,0,0,0,239,0,2392015-11-19,20,Leeds,Headrow,,Thursday,2015,4,November,46,89,0,89,0,0,0,89,0,892015-11-19,20,Leeds,"Dortmund Square	",,Thursday,2015,4,November,46,579,0,579,0,0,0,579,0,5792015-11-19,20,Leeds,Albion Street South,,Thursday,2015,4,November,46,484,0,484,0,0,0,484,0,4842015-11-19,20,Leeds,Albion Street North,,Thursday,2015,4,November,46,262,0,262,0,0,0,262,0,2622015-11-19,21,Leeds,Briggate,,Thursday,2015,4,November,46,322,0,322,0,0,0,322,0,3222015-11-19,21,Leeds,"Briggate at McDonalds	",,Thursday,2015,4,November,46,345,0,345,0,0,0,345,0,3452015-11-19,21,Leeds,Commercial Street at Sharps,,Thursday,2015,4,November,46,242,0,242,0,0,0,242,0,2422015-11-19,21,Leeds,Commercial Street at Barratts,,Thursday,2015,4,November,46,148,0,148,0,0,0,148,0,1482015-11-19,21,Leeds,Headrow,,Thursday,2015,4,November,46,70,0,70,0,0,0,70,0,702015-11-19,21,Leeds,"Dortmund Square	",,Thursday,2015,4,November,46,390,0,390,0,0,0,390,0,3902015-11-19,21,Leeds,Albion Street South,,Thursday,2015,4,November,46,284,0,284,0,0,0,284,0,2842015-11-19,21,Leeds,Albion Street North,,Thursday,2015,4,November,46,161,0,161,0,0,0,161,0,1612015-11-19,22,Leeds,Briggate,,Thursday,2015,4,November,46,343,0,343,0,0,0,343,0,3432015-11-19,22,Leeds,"Briggate at McDonalds	",,Thursday,2015,4,November,46,359,0,359,0,0,0,359,0,3592015-11-19,22,Leeds,Commercial Street at Sharps,,Thursday,2015,4,November,46,203,0,203,0,0,0,203,0,2032015-11-19,22,Leeds,Commercial Street at Barratts,,Thursday,2015,4,November,46,129,0,129,0,0,0,129,0,1292015-11-19,22,Leeds,Headrow,,Thursday,2015,4,November,46,161,0,161,0,0,0,161,0,1612015-11-19,22,Leeds,"Dortmund Square	",,Thursday,2015,4,November,46,366,0,366,0,0,0,366,0,3662015-11-19,22,Leeds,Albion Street South,,Thursday,2015,4,November,46,217,0,217,0,0,0,217,0,2172015-11-19,22,Leeds,Albion Street North,,Thursday,2015,4,November,46,95,0,95,0,0,0,95,0,952015-11-19,23,Leeds,Briggate,,Thursday,2015,4,November,46,196,0,196,0,0,0,196,0,1962015-11-19,23,Leeds,"Briggate at McDonalds	",,Thursday,2015,4,November,46,191,0,191,0,0,0,191,0,1912015-11-19,23,Leeds,Commercial Street at Sharps,,Thursday,2015,4,November,46,123,0,123,0,0,0,123,0,1232015-11-19,23,Leeds,Commercial Street at Barratts,,Thursday,2015,4,November,46,74,0,74,0,0,0,74,0,742015-11-19,23,Leeds,Headrow,,Thursday,2015,4,November,46,164,0,164,0,0,0,164,0,1642015-11-19,23,Leeds,"Dortmund Square	",,Thursday,2015,4,November,46,162,0,162,0,0,0,162,0,1622015-11-19,23,Leeds,Albion Street South,,Thursday,2015,4,November,46,134,0,134,0,0,0,134,0,1342015-11-19,23,Leeds,Albion Street North,,Thursday,2015,4,November,46,61,0,61,0,0,0,61,0,612015-11-20,0,Leeds,Briggate,,Friday,2015,4,November,46,145,0,145,0,0,0,145,0,1452015-11-20,0,Leeds,"Briggate at McDonalds	",,Friday,2015,4,November,46,103,0,103,0,0,0,103,0,1032015-11-20,0,Leeds,Commercial Street at Sharps,,Friday,2015,4,November,46,41,0,41,0,0,0,41,0,412015-11-20,0,Leeds,Commercial Street at Barratts,,Friday,2015,4,November,46,43,0,43,0,0,0,43,0,432015-11-20,0,Leeds,Headrow,,Friday,2015,4,November,46,69,0,69,0,0,0,69,0,692015-11-20,0,Leeds,"Dortmund Square	",,Friday,2015,4,November,46,58,0,58,0,0,0,58,0,582015-11-20,0,Leeds,Albion Street South,,Friday,2015,4,November,46,89,0,89,0,0,0,89,0,892015-11-20,0,Leeds,Albion Street North,,Friday,2015,4,November,46,30,0,30,0,0,0,30,0,302015-11-20,1,Leeds,Briggate,,Friday,2015,4,November,46,158,0,158,0,0,0,158,0,1582015-11-20,1,Leeds,"Briggate at McDonalds	",,Friday,2015,4,November,46,72,0,72,0,0,0,72,0,722015-11-20,1,Leeds,Commercial Street at Sharps,,Friday,2015,4,November,46,26,0,26,0,0,0,26,0,262015-11-20,1,Leeds,Commercial Street at Barratts,,Friday,2015,4,November,46,25,0,25,0,0,0,25,0,252015-11-20,1,Leeds,Headrow,,Friday,2015,4,November,46,30,0,30,0,0,0,30,0,302015-11-20,1,Leeds,"Dortmund Square	",,Friday,2015,4,November,46,42,0,42,0,0,0,42,0,422015-11-20,1,Leeds,Albion Street South,,Friday,2015,4,November,46,49,0,49,0,0,0,49,0,492015-11-20,1,Leeds,Albion Street North,,Friday,2015,4,November,46,17,0,17,0,0,0,17,0,172015-11-20,2,Leeds,Briggate,,Friday,2015,4,November,46,172,0,172,0,0,0,172,0,1722015-11-20,2,Leeds,"Briggate at McDonalds	",,Friday,2015,4,November,46,83,0,83,0,0,0,83,0,832015-11-20,2,Leeds,Commercial Street at Sharps,,Friday,2015,4,November,46,55,0,55,0,0,0,55,0,552015-11-20,2,Leeds,Commercial Street at Barratts,,Friday,2015,4,November,46,0,0,0,0,0,0,0,0,02015-11-20,2,Leeds,Headrow,,Friday,2015,4,November,46,33,0,33,0,0,0,33,0,332015-11-20,2,Leeds,"Dortmund Square	",,Friday,2015,4,November,46,57,0,57,0,0,0,57,0,572015-11-20,2,Leeds,Albion Street South,,Friday,2015,4,November,46,60,0,60,0,0,0,60,0,602015-11-20,2,Leeds,Albion Street North,,Friday,2015,4,November,46,20,0,20,0,0,0,20,0,202015-11-20,3,Leeds,Briggate,,Friday,2015,4,November,46,255,0,255,0,0,0,255,0,2552015-11-20,3,Leeds,"Briggate at McDonalds	",,Friday,2015,4,November,46,111,0,111,0,0,0,111,0,1112015-11-20,3,Leeds,Commercial Street at Sharps,,Friday,2015,4,November,46,62,0,62,0,0,0,62,0,622015-11-20,3,Leeds,Commercial Street at Barratts,,Friday,2015,4,November,46,31,0,31,0,0,0,31,0,312015-11-20,3,Leeds,Headrow,,Friday,2015,4,November,46,47,0,47,0,0,0,47,0,472015-11-20,3,Leeds,"Dortmund Square	",,Friday,2015,4,November,46,82,0,82,0,0,0,82,0,822015-11-20,3,Leeds,Albion Street South,,Friday,2015,4,November,46,45,0,45,0,0,0,45,0,452015-11-20,3,Leeds,Albion Street North,,Friday,2015,4,November,46,30,0,30,0,0,0,30,0,302015-11-20,4,Leeds,Briggate,,Friday,2015,4,November,46,143,0,143,0,0,0,143,0,1432015-11-20,4,Leeds,"Briggate at McDonalds	",,Friday,2015,4,November,46,69,0,69,0,0,0,69,0,692015-11-20,4,Leeds,Commercial Street at Sharps,,Friday,2015,4,November,46,49,0,49,0,0,0,49,0,492015-11-20,4,Leeds,Commercial Street at Barratts,,Friday,2015,4,November,46,18,0,18,0,0,0,18,0,182015-11-20,4,Leeds,Headrow,,Friday,2015,4,November,46,35,0,35,0,0,0,35,0,352015-11-20,4,Leeds,"Dortmund Square	",,Friday,2015,4,November,46,55,0,55,0,0,0,55,0,552015-11-20,4,Leeds,Albion Street South,,Friday,2015,4,November,46,27,0,27,0,0,0,27,0,272015-11-20,4,Leeds,Albion Street North,,Friday,2015,4,November,46,33,0,33,0,0,0,33,0,332015-11-20,5,Leeds,Briggate,,Friday,2015,4,November,46,94,0,94,0,0,0,94,0,942015-11-20,5,Leeds,"Briggate at McDonalds	",,Friday,2015,4,November,46,68,0,68,0,0,0,68,0,682015-11-20,5,Leeds,Commercial Street at Sharps,,Friday,2015,4,November,46,44,0,44,0,0,0,44,0,442015-11-20,5,Leeds,Commercial Street at Barratts,,Friday,2015,4,November,46,23,0,23,0,0,0,23,0,232015-11-20,5,Leeds,Headrow,,Friday,2015,4,November,46,25,0,25,0,0,0,25,0,252015-11-20,5,Leeds,"Dortmund Square	",,Friday,2015,4,November,46,38,0,38,0,0,0,38,0,382015-11-20,5,Leeds,Albion Street South,,Friday,2015,4,November,46,95,0,95,0,0,0,95,0,952015-11-20,5,Leeds,Albion Street North,,Friday,2015,4,November,46,34,0,34,0,0,0,34,0,342015-11-20,6,Leeds,Briggate,,Friday,2015,4,November,46,128,0,128,0,0,0,128,0,1282015-11-20,6,Leeds,"Briggate at McDonalds	",,Friday,2015,4,November,46,126,0,126,0,0,0,126,0,1262015-11-20,6,Leeds,Commercial Street at Sharps,,Friday,2015,4,November,46,146,0,146,0,0,0,146,0,1462015-11-20,6,Leeds,Commercial Street at Barratts,,Friday,2015,4,November,46,51,0,51,0,0,0,51,0,512015-11-20,6,Leeds,Headrow,,Friday,2015,4,November,46,84,0,84,0,0,0,84,0,842015-11-20,6,Leeds,"Dortmund Square	",,Friday,2015,4,November,46,121,0,121,0,0,0,121,0,1212015-11-20,6,Leeds,Albion Street South,,Friday,2015,4,November,46,144,0,144,0,0,0,144,0,1442015-11-20,6,Leeds,Albion Street North,,Friday,2015,4,November,46,37,0,37,0,0,0,37,0,372015-11-20,7,Leeds,Briggate,,Friday,2015,4,November,46,405,0,405,0,0,0,405,0,4052015-11-20,7,Leeds,"Briggate at McDonalds	",,Friday,2015,4,November,46,349,0,349,0,0,0,349,0,3492015-11-20,7,Leeds,Commercial Street at Sharps,,Friday,2015,4,November,46,326,0,326,0,0,0,326,0,3262015-11-20,7,Leeds,Commercial Street at Barratts,,Friday,2015,4,November,46,204,0,204,0,0,0,204,0,2042015-11-20,7,Leeds,Headrow,,Friday,2015,4,November,46,250,0,250,0,0,0,250,0,2502015-11-20,7,Leeds,"Dortmund Square	",,Friday,2015,4,November,46,419,0,419,0,0,0,419,0,4192015-11-20,7,Leeds,Albion Street South,,Friday,2015,4,November,46,422,0,422,0,0,0,422,0,4222015-11-20,7,Leeds,Albion Street North,,Friday,2015,4,November,46,179,0,179,0,0,0,179,0,1792015-11-20,8,Leeds,Briggate,,Friday,2015,4,November,46,1048,0,1048,0,0,0,1048,0,10482015-11-20,8,Leeds,"Briggate at McDonalds	",,Friday,2015,4,November,46,581,0,581,0,0,0,581,0,5812015-11-20,8,Leeds,Commercial Street at Sharps,,Friday,2015,4,November,46,971,0,971,0,0,0,971,0,9712015-11-20,8,Leeds,Commercial Street at Barratts,,Friday,2015,4,November,46,559,0,559,0,0,0,559,0,5592015-11-20,8,Leeds,Headrow,,Friday,2015,4,November,46,600,0,600,0,0,0,600,0,6002015-11-20,8,Leeds,"Dortmund Square	",,Friday,2015,4,November,46,1047,0,1047,0,0,0,1047,0,10472015-11-20,8,Leeds,Albion Street South,,Friday,2015,4,November,46,1139,0,1139,0,0,0,1139,0,11392015-11-20,8,Leeds,Albion Street North,,Friday,2015,4,November,46,661,0,661,0,0,0,661,0,6612015-11-20,9,Leeds,Briggate,,Friday,2015,4,November,46,1266,0,1266,0,0,0,1266,0,12662015-11-20,9,Leeds,"Briggate at McDonalds	",,Friday,2015,4,November,46,680,0,680,0,0,0,680,0,6802015-11-20,9,Leeds,Commercial Street at Sharps,,Friday,2015,4,November,46,1121,0,1121,0,0,0,1121,0,11212015-11-20,9,Leeds,Commercial Street at Barratts,,Friday,2015,4,November,46,779,0,779,0,0,0,779,0,7792015-11-20,9,Leeds,Headrow,,Friday,2015,4,November,46,813,0,813,0,0,0,813,0,8132015-11-20,9,Leeds,"Dortmund Square	",,Friday,2015,4,November,46,1025,0,1025,0,0,0,1025,0,10252015-11-20,9,Leeds,Albion Street South,,Friday,2015,4,November,46,1964,0,1964,0,0,0,1964,0,19642015-11-20,9,Leeds,Albion Street North,,Friday,2015,4,November,46,796,0,796,0,0,0,796,0,7962015-11-20,10,Leeds,Briggate,,Friday,2015,4,November,46,1906,0,1906,0,0,0,1906,0,19062015-11-20,10,Leeds,"Briggate at McDonalds	",,Friday,2015,4,November,46,907,0,907,0,0,0,907,0,9072015-11-20,10,Leeds,Commercial Street at Sharps,,Friday,2015,4,November,46,1701,0,1701,0,0,0,1701,0,17012015-11-20,10,Leeds,Commercial Street at Barratts,,Friday,2015,4,November,46,1074,0,1074,0,0,0,1074,0,10742015-11-20,10,Leeds,Headrow,,Friday,2015,4,November,46,1358,0,1358,0,0,0,1358,0,13582015-11-20,10,Leeds,"Dortmund Square	",,Friday,2015,4,November,46,1352,0,1352,0,0,0,1352,0,13522015-11-20,10,Leeds,Albion Street South,,Friday,2015,4,November,46,2043,0,2043,0,0,0,2043,0,20432015-11-20,10,Leeds,Albion Street North,,Friday,2015,4,November,46,1054,0,1054,0,0,0,1054,0,10542015-11-20,11,Leeds,Briggate,,Friday,2015,4,November,46,3282,0,3282,0,0,0,3282,0,32822015-11-20,11,Leeds,"Briggate at McDonalds	",,Friday,2015,4,November,46,1275,0,1275,0,0,0,1275,0,12752015-11-20,11,Leeds,Commercial Street at Sharps,,Friday,2015,4,November,46,2624,0,2624,0,0,0,2624,0,26242015-11-20,11,Leeds,Commercial Street at Barratts,,Friday,2015,4,November,46,1528,0,1528,0,0,0,1528,0,15282015-11-20,11,Leeds,Headrow,,Friday,2015,4,November,46,1821,0,1821,0,0,0,1821,0,18212015-11-20,11,Leeds,"Dortmund Square	",,Friday,2015,4,November,46,1814,0,1814,0,0,0,1814,0,18142015-11-20,11,Leeds,Albion Street South,,Friday,2015,4,November,46,2673,0,2673,0,0,0,2673,0,26732015-11-20,11,Leeds,Albion Street North,,Friday,2015,4,November,46,1392,0,1392,0,0,0,1392,0,13922015-11-20,12,Leeds,Briggate,,Friday,2015,4,November,46,5136,0,5136,0,0,0,5136,0,51362015-11-20,12,Leeds,"Briggate at McDonalds	",,Friday,2015,4,November,46,2122,0,2122,0,0,0,2122,0,21222015-11-20,12,Leeds,Commercial Street at Sharps,,Friday,2015,4,November,46,3915,0,3915,0,0,0,3915,0,39152015-11-20,12,Leeds,Commercial Street at Barratts,,Friday,2015,4,November,46,2528,0,2528,0,0,0,2528,0,25282015-11-20,12,Leeds,Headrow,,Friday,2015,4,November,46,2426,0,2426,0,0,0,2426,0,24262015-11-20,12,Leeds,"Dortmund Square	",,Friday,2015,4,November,46,2606,0,2606,0,0,0,2606,0,26062015-11-20,12,Leeds,Albion Street South,,Friday,2015,4,November,46,3389,0,3389,0,0,0,3389,0,33892015-11-20,12,Leeds,Albion Street North,,Friday,2015,4,November,46,1870,0,1870,0,0,0,1870,0,18702015-11-20,13,Leeds,Briggate,,Friday,2015,4,November,46,4595,0,4595,0,0,0,4595,0,45952015-11-20,13,Leeds,"Briggate at McDonalds	",,Friday,2015,4,November,46,1750,0,1750,0,0,0,1750,0,17502015-11-20,13,Leeds,Commercial Street at Sharps,,Friday,2015,4,November,46,4318,0,4318,0,0,0,4318,0,43182015-11-20,13,Leeds,Commercial Street at Barratts,,Friday,2015,4,November,46,2398,0,2398,0,0,0,2398,0,23982015-11-20,13,Leeds,Headrow,,Friday,2015,4,November,46,2391,0,2391,0,0,0,2391,0,23912015-11-20,13,Leeds,"Dortmund Square	",,Friday,2015,4,November,46,2551,0,2551,0,0,0,2551,0,25512015-11-20,13,Leeds,Albion Street South,,Friday,2015,4,November,46,4321,0,4321,0,0,0,4321,0,43212015-11-20,13,Leeds,Albion Street North,,Friday,2015,4,November,46,1807,0,1807,0,0,0,1807,0,18072015-11-20,14,Leeds,Briggate,,Friday,2015,4,November,46,3686,0,3686,0,0,0,3686,0,36862015-11-20,14,Leeds,"Briggate at McDonalds	",,Friday,2015,4,November,46,1461,0,1461,0,0,0,1461,0,14612015-11-20,14,Leeds,Commercial Street at Sharps,,Friday,2015,4,November,46,3099,0,3099,0,0,0,3099,0,30992015-11-20,14,Leeds,Commercial Street at Barratts,,Friday,2015,4,November,46,2105,0,2105,0,0,0,2105,0,21052015-11-20,14,Leeds,Headrow,,Friday,2015,4,November,46,1757,0,1757,0,0,0,1757,0,17572015-11-20,14,Leeds,"Dortmund Square	",,Friday,2015,4,November,46,2129,0,2129,0,0,0,2129,0,21292015-11-20,14,Leeds,Albion Street South,,Friday,2015,4,November,46,4062,0,4062,0,0,0,4062,0,40622015-11-20,14,Leeds,Albion Street North,,Friday,2015,4,November,46,1675,0,1675,0,0,0,1675,0,16752015-11-20,15,Leeds,Briggate,,Friday,2015,4,November,46,2494,0,2494,0,0,0,2494,0,24942015-11-20,15,Leeds,"Briggate at McDonalds	",,Friday,2015,4,November,46,1594,0,1594,0,0,0,1594,0,15942015-11-20,15,Leeds,Commercial Street at Sharps,,Friday,2015,4,November,46,3046,0,3046,0,0,0,3046,0,30462015-11-20,15,Leeds,Commercial Street at Barratts,,Friday,2015,4,November,46,1886,0,1886,0,0,0,1886,0,18862015-11-20,15,Leeds,Headrow,,Friday,2015,4,November,46,1747,0,1747,0,0,0,1747,0,17472015-11-20,15,Leeds,"Dortmund Square	",,Friday,2015,4,November,46,2290,0,2290,0,0,0,2290,0,22902015-11-20,15,Leeds,Albion Street South,,Friday,2015,4,November,46,3285,0,3285,0,0,0,3285,0,32852015-11-20,15,Leeds,Albion Street North,,Friday,2015,4,November,46,1576,0,1576,0,0,0,1576,0,15762015-11-20,16,Leeds,Briggate,,Friday,2015,4,November,46,1231,0,1231,0,0,0,1231,0,12312015-11-20,16,Leeds,"Briggate at McDonalds	",,Friday,2015,4,November,46,1489,0,1489,0,0,0,1489,0,14892015-11-20,16,Leeds,Commercial Street at Sharps,,Friday,2015,4,November,46,2804,0,2804,0,0,0,2804,0,28042015-11-20,16,Leeds,Commercial Street at Barratts,,Friday,2015,4,November,46,1856,0,1856,0,0,0,1856,0,18562015-11-20,16,Leeds,Headrow,,Friday,2015,4,November,46,613,0,613,0,0,0,613,0,6132015-11-20,16,Leeds,"Dortmund Square	",,Friday,2015,4,November,46,2529,0,2529,0,0,0,2529,0,25292015-11-20,16,Leeds,Albion Street South,,Friday,2015,4,November,46,3085,0,3085,0,0,0,3085,0,30852015-11-20,16,Leeds,Albion Street North,,Friday,2015,4,November,46,1399,0,1399,0,0,0,1399,0,13992015-11-20,17,Leeds,Briggate,,Friday,2015,4,November,46,1115,0,1115,0,0,0,1115,0,11152015-11-20,17,Leeds,"Briggate at McDonalds	",,Friday,2015,4,November,46,1373,0,1373,0,0,0,1373,0,13732015-11-20,17,Leeds,Commercial Street at Sharps,,Friday,2015,4,November,46,2317,0,2317,0,0,0,2317,0,23172015-11-20,17,Leeds,Commercial Street at Barratts,,Friday,2015,4,November,46,1587,0,1587,0,0,0,1587,0,15872015-11-20,17,Leeds,Headrow,,Friday,2015,4,November,46,305,0,305,0,0,0,305,0,3052015-11-20,17,Leeds,"Dortmund Square	",,Friday,2015,4,November,46,2142,0,2142,0,0,0,2142,0,21422015-11-20,17,Leeds,Albion Street South,,Friday,2015,4,November,46,2238,0,2238,0,0,0,2238,0,22382015-11-20,17,Leeds,Albion Street North,,Friday,2015,4,November,46,1013,0,1013,0,0,0,1013,0,10132015-11-20,18,Leeds,Briggate,,Friday,2015,4,November,46,851,0,851,0,0,0,851,0,8512015-11-20,18,Leeds,"Briggate at McDonalds	",,Friday,2015,4,November,46,1010,0,1010,0,0,0,1010,0,10102015-11-20,18,Leeds,Commercial Street at Sharps,,Friday,2015,4,November,46,1251,0,1251,0,0,0,1251,0,12512015-11-20,18,Leeds,Commercial Street at Barratts,,Friday,2015,4,November,46,747,0,747,0,0,0,747,0,7472015-11-20,18,Leeds,Headrow,,Friday,2015,4,November,46,276,0,276,0,0,0,276,0,2762015-11-20,18,Leeds,"Dortmund Square	",,Friday,2015,4,November,46,1443,0,1443,0,0,0,1443,0,14432015-11-20,18,Leeds,Albion Street South,,Friday,2015,4,November,46,1888,0,1888,0,0,0,1888,0,18882015-11-20,18,Leeds,Albion Street North,,Friday,2015,4,November,46,426,0,426,0,0,0,426,0,4262015-11-20,19,Leeds,Briggate,,Friday,2015,4,November,46,488,0,488,0,0,0,488,0,4882015-11-20,19,Leeds,"Briggate at McDonalds	",,Friday,2015,4,November,46,650,0,650,0,0,0,650,0,6502015-11-20,19,Leeds,Commercial Street at Sharps,,Friday,2015,4,November,46,684,0,684,0,0,0,684,0,6842015-11-20,19,Leeds,Commercial Street at Barratts,,Friday,2015,4,November,46,383,0,383,0,0,0,383,0,3832015-11-20,19,Leeds,Headrow,,Friday,2015,4,November,46,433,0,433,0,0,0,433,0,4332015-11-20,19,Leeds,"Dortmund Square	",,Friday,2015,4,November,46,949,0,949,0,0,0,949,0,9492015-11-20,19,Leeds,Albion Street South,,Friday,2015,4,November,46,1164,0,1164,0,0,0,1164,0,11642015-11-20,19,Leeds,Albion Street North,,Friday,2015,4,November,46,248,0,248,0,0,0,248,0,2482015-11-20,20,Leeds,Briggate,,Friday,2015,4,November,46,369,0,369,0,0,0,369,0,3692015-11-20,20,Leeds,"Briggate at McDonalds	",,Friday,2015,4,November,46,280,0,280,0,0,0,280,0,2802015-11-20,20,Leeds,Commercial Street at Sharps,,Friday,2015,4,November,46,399,0,399,0,0,0,399,0,3992015-11-20,20,Leeds,Commercial Street at Barratts,,Friday,2015,4,November,46,260,0,260,0,0,0,260,0,2602015-11-20,20,Leeds,Headrow,,Friday,2015,4,November,46,299,0,299,0,0,0,299,0,2992015-11-20,20,Leeds,"Dortmund Square	",,Friday,2015,4,November,46,507,0,507,0,0,0,507,0,5072015-11-20,20,Leeds,Albion Street South,,Friday,2015,4,November,46,627,0,627,0,0,0,627,0,6272015-11-20,20,Leeds,Albion Street North,,Friday,2015,4,November,46,205,0,205,0,0,0,205,0,2052015-11-20,21,Leeds,Briggate,,Friday,2015,4,November,46,256,0,256,0,0,0,256,0,2562015-11-20,21,Leeds,"Briggate at McDonalds	",,Friday,2015,4,November,46,292,0,292,0,0,0,292,0,2922015-11-20,21,Leeds,Commercial Street at Sharps,,Friday,2015,4,November,46,207,0,207,0,0,0,207,0,2072015-11-20,21,Leeds,Commercial Street at Barratts,,Friday,2015,4,November,46,231,0,231,0,0,0,231,0,2312015-11-20,21,Leeds,Headrow,,Friday,2015,4,November,46,159,0,159,0,0,0,159,0,1592015-11-20,21,Leeds,"Dortmund Square	",,Friday,2015,4,November,46,423,0,423,0,0,0,423,0,4232015-11-20,21,Leeds,Albion Street South,,Friday,2015,4,November,46,332,0,332,0,0,0,332,0,3322015-11-20,21,Leeds,Albion Street North,,Friday,2015,4,November,46,134,0,134,0,0,0,134,0,1342015-11-20,22,Leeds,Briggate,,Friday,2015,4,November,46,343,0,343,0,0,0,343,0,3432015-11-20,22,Leeds,"Briggate at McDonalds	",,Friday,2015,4,November,46,467,0,467,0,0,0,467,0,4672015-11-20,22,Leeds,Commercial Street at Sharps,,Friday,2015,4,November,46,272,0,272,0,0,0,272,0,2722015-11-20,22,Leeds,Commercial Street at Barratts,,Friday,2015,4,November,46,172,0,172,0,0,0,172,0,1722015-11-20,22,Leeds,Headrow,,Friday,2015,4,November,46,40,0,40,0,0,0,40,0,402015-11-20,22,Leeds,"Dortmund Square	",,Friday,2015,4,November,46,333,0,333,0,0,0,333,0,3332015-11-20,22,Leeds,Albion Street South,,Friday,2015,4,November,46,262,0,262,0,0,0,262,0,2622015-11-20,22,Leeds,Albion Street North,,Friday,2015,4,November,46,114,0,114,0,0,0,114,0,1142015-11-20,23,Leeds,Briggate,,Friday,2015,4,November,46,316,0,316,0,0,0,316,0,3162015-11-20,23,Leeds,"Briggate at McDonalds	",,Friday,2015,4,November,46,328,0,328,0,0,0,328,0,3282015-11-20,23,Leeds,Commercial Street at Sharps,,Friday,2015,4,November,46,150,0,150,0,0,0,150,0,1502015-11-20,23,Leeds,Commercial Street at Barratts,,Friday,2015,4,November,46,157,0,157,0,0,0,157,0,1572015-11-20,23,Leeds,Headrow,,Friday,2015,4,November,46,188,0,188,0,0,0,188,0,1882015-11-20,23,Leeds,"Dortmund Square	",,Friday,2015,4,November,46,338,0,338,0,0,0,338,0,3382015-11-20,23,Leeds,Albion Street South,,Friday,2015,4,November,46,241,0,241,0,0,0,241,0,2412015-11-20,23,Leeds,Albion Street North,,Friday,2015,4,November,46,75,0,75,0,0,0,75,0,752015-11-21,0,Leeds,Briggate,,Saturday,2015,4,November,46,311,0,311,0,0,0,311,0,3112015-11-21,0,Leeds,"Briggate at McDonalds	",,Saturday,2015,4,November,46,309,0,309,0,0,0,309,0,3092015-11-21,0,Leeds,Commercial Street at Sharps,,Saturday,2015,4,November,46,120,0,120,0,0,0,120,0,1202015-11-21,0,Leeds,Commercial Street at Barratts,,Saturday,2015,4,November,46,147,0,147,0,0,0,147,0,1472015-11-21,0,Leeds,Headrow,,Saturday,2015,4,November,46,143,0,143,0,0,0,143,0,1432015-11-21,0,Leeds,"Dortmund Square	",,Saturday,2015,4,November,46,221,0,221,0,0,0,221,0,2212015-11-21,0,Leeds,Albion Street South,,Saturday,2015,4,November,46,224,0,224,0,0,0,224,0,2242015-11-21,0,Leeds,Albion Street North,,Saturday,2015,4,November,46,35,0,35,0,0,0,35,0,352015-11-21,1,Leeds,Briggate,,Saturday,2015,4,November,46,263,0,263,0,0,0,263,0,2632015-11-21,1,Leeds,"Briggate at McDonalds	",,Saturday,2015,4,November,46,217,0,217,0,0,0,217,0,2172015-11-21,1,Leeds,Commercial Street at Sharps,,Saturday,2015,4,November,46,73,0,73,0,0,0,73,0,732015-11-21,1,Leeds,Commercial Street at Barratts,,Saturday,2015,4,November,46,61,0,61,0,0,0,61,0,612015-11-21,1,Leeds,Headrow,,Saturday,2015,4,November,46,95,0,95,0,0,0,95,0,952015-11-21,1,Leeds,"Dortmund Square	",,Saturday,2015,4,November,46,105,0,105,0,0,0,105,0,1052015-11-21,1,Leeds,Albion Street South,,Saturday,2015,4,November,46,211,0,211,0,0,0,211,0,2112015-11-21,1,Leeds,Albion Street North,,Saturday,2015,4,November,46,32,0,32,0,0,0,32,0,322015-11-21,2,Leeds,Briggate,,Saturday,2015,4,November,46,167,0,167,0,0,0,167,0,1672015-11-21,2,Leeds,"Briggate at McDonalds	",,Saturday,2015,4,November,46,124,0,124,0,0,0,124,0,1242015-11-21,2,Leeds,Commercial Street at Sharps,,Saturday,2015,4,November,46,61,0,61,0,0,0,61,0,612015-11-21,2,Leeds,Commercial Street at Barratts,,Saturday,2015,4,November,46,27,0,27,0,0,0,27,0,272015-11-21,2,Leeds,Headrow,,Saturday,2015,4,November,46,70,0,70,0,0,0,70,0,702015-11-21,2,Leeds,"Dortmund Square	",,Saturday,2015,4,November,46,145,0,145,0,0,0,145,0,1452015-11-21,2,Leeds,Albion Street South,,Saturday,2015,4,November,46,179,0,179,0,0,0,179,0,1792015-11-21,2,Leeds,Albion Street North,,Saturday,2015,4,November,46,41,0,41,0,0,0,41,0,412015-11-21,3,Leeds,Briggate,,Saturday,2015,4,November,46,224,0,224,0,0,0,224,0,2242015-11-21,3,Leeds,"Briggate at McDonalds	",,Saturday,2015,4,November,46,81,0,81,0,0,0,81,0,812015-11-21,3,Leeds,Commercial Street at Sharps,,Saturday,2015,4,November,46,21,0,21,0,0,0,21,0,212015-11-21,3,Leeds,Commercial Street at Barratts,,Saturday,2015,4,November,46,27,0,27,0,0,0,27,0,272015-11-21,3,Leeds,Headrow,,Saturday,2015,4,November,46,326,0,326,0,0,0,326,0,3262015-11-21,3,Leeds,"Dortmund Square	",,Saturday,2015,4,November,46,69,0,69,0,0,0,69,0,692015-11-21,3,Leeds,Albion Street South,,Saturday,2015,4,November,46,88,0,88,0,0,0,88,0,882015-11-21,3,Leeds,Albion Street North,,Saturday,2015,4,November,46,16,0,16,0,0,0,16,0,162015-11-21,4,Leeds,Briggate,,Saturday,2015,4,November,46,179,0,179,0,0,0,179,0,1792015-11-21,4,Leeds,"Briggate at McDonalds	",,Saturday,2015,4,November,46,40,0,40,0,0,0,40,0,402015-11-21,4,Leeds,Commercial Street at Sharps,,Saturday,2015,4,November,46,63,0,63,0,0,0,63,0,632015-11-21,4,Leeds,Commercial Street at Barratts,,Saturday,2015,4,November,46,3,0,3,0,0,0,3,0,32015-11-21,4,Leeds,Headrow,,Saturday,2015,4,November,46,900,0,900,0,0,0,900,0,9002015-11-21,4,Leeds,"Dortmund Square	",,Saturday,2015,4,November,46,41,0,41,0,0,0,41,0,412015-11-21,4,Leeds,Albion Street South,,Saturday,2015,4,November,46,64,0,64,0,0,0,64,0,642015-11-21,4,Leeds,Albion Street North,,Saturday,2015,4,November,46,34,0,34,0,0,0,34,0,342015-11-21,5,Leeds,Briggate,,Saturday,2015,4,November,46,107,0,107,0,0,0,107,0,1072015-11-21,5,Leeds,"Briggate at McDonalds	",,Saturday,2015,4,November,46,45,0,45,0,0,0,45,0,452015-11-21,5,Leeds,Commercial Street at Sharps,,Saturday,2015,4,November,46,27,0,27,0,0,0,27,0,272015-11-21,5,Leeds,Commercial Street at Barratts,,Saturday,2015,4,November,46,13,0,13,0,0,0,13,0,132015-11-21,5,Leeds,Headrow,,Saturday,2015,4,November,46,441,0,441,0,0,0,441,0,4412015-11-21,5,Leeds,"Dortmund Square	",,Saturday,2015,4,November,46,43,0,43,0,0,0,43,0,432015-11-21,5,Leeds,Albion Street South,,Saturday,2015,4,November,46,71,0,71,0,0,0,71,0,712015-11-21,5,Leeds,Albion Street North,,Saturday,2015,4,November,46,29,0,29,0,0,0,29,0,292015-11-21,6,Leeds,Briggate,,Saturday,2015,4,November,46,94,0,94,0,0,0,94,0,942015-11-21,6,Leeds,"Briggate at McDonalds	",,Saturday,2015,4,November,46,88,0,88,0,0,0,88,0,882015-11-21,6,Leeds,Commercial Street at Sharps,,Saturday,2015,4,November,46,42,0,42,0,0,0,42,0,422015-11-21,6,Leeds,Commercial Street at Barratts,,Saturday,2015,4,November,46,27,0,27,0,0,0,27,0,272015-11-21,6,Leeds,Headrow,,Saturday,2015,4,November,46,241,0,241,0,0,0,241,0,2412015-11-21,6,Leeds,"Dortmund Square	",,Saturday,2015,4,November,46,69,0,69,0,0,0,69,0,692015-11-21,6,Leeds,Albion Street South,,Saturday,2015,4,November,46,52,0,52,0,0,0,52,0,522015-11-21,6,Leeds,Albion Street North,,Saturday,2015,4,November,46,25,0,25,0,0,0,25,0,252015-11-21,7,Leeds,Briggate,,Saturday,2015,4,November,46,181,0,181,0,0,0,181,0,1812015-11-21,7,Leeds,"Briggate at McDonalds	",,Saturday,2015,4,November,46,131,0,131,0,0,0,131,0,1312015-11-21,7,Leeds,Commercial Street at Sharps,,Saturday,2015,4,November,46,108,0,108,0,0,0,108,0,1082015-11-21,7,Leeds,Commercial Street at Barratts,,Saturday,2015,4,November,46,71,0,71,0,0,0,71,0,712015-11-21,7,Leeds,Headrow,,Saturday,2015,4,November,46,482,0,482,0,0,0,482,0,4822015-11-21,7,Leeds,"Dortmund Square	",,Saturday,2015,4,November,46,109,0,109,0,0,0,109,0,1092015-11-21,7,Leeds,Albion Street South,,Saturday,2015,4,November,46,134,0,134,0,0,0,134,0,1342015-11-21,7,Leeds,Albion Street North,,Saturday,2015,4,November,46,41,0,41,0,0,0,41,0,412015-11-21,8,Leeds,Briggate,,Saturday,2015,4,November,46,495,0,495,0,0,0,495,0,4952015-11-21,8,Leeds,"Briggate at McDonalds	",,Saturday,2015,4,November,46,335,0,335,0,0,0,335,0,3352015-11-21,8,Leeds,Commercial Street at Sharps,,Saturday,2015,4,November,46,365,0,365,0,0,0,365,0,3652015-11-21,8,Leeds,Commercial Street at Barratts,,Saturday,2015,4,November,46,265,0,265,0,0,0,265,0,2652015-11-21,8,Leeds,Headrow,,Saturday,2015,4,November,46,414,0,414,0,0,0,414,0,4142015-11-21,8,Leeds,"Dortmund Square	",,Saturday,2015,4,November,46,243,0,243,0,0,0,243,0,2432015-11-21,8,Leeds,Albion Street South,,Saturday,2015,4,November,46,517,0,517,0,0,0,517,0,5172015-11-21,8,Leeds,Albion Street North,,Saturday,2015,4,November,46,205,0,205,0,0,0,205,0,2052015-11-21,9,Leeds,Briggate,,Saturday,2015,4,November,46,1196,0,1196,0,0,0,1196,0,11962015-11-21,9,Leeds,"Briggate at McDonalds	",,Saturday,2015,4,November,46,600,0,600,0,0,0,600,0,6002015-11-21,9,Leeds,Commercial Street at Sharps,,Saturday,2015,4,November,46,983,0,983,0,0,0,983,0,9832015-11-21,9,Leeds,Commercial Street at Barratts,,Saturday,2015,4,November,46,783,0,783,0,0,0,783,0,7832015-11-21,9,Leeds,Headrow,,Saturday,2015,4,November,46,816,0,816,0,0,0,816,0,8162015-11-21,9,Leeds,"Dortmund Square	",,Saturday,2015,4,November,46,667,0,667,0,0,0,667,0,6672015-11-21,9,Leeds,Albion Street South,,Saturday,2015,4,November,46,1244,0,1244,0,0,0,1244,0,12442015-11-21,9,Leeds,Albion Street North,,Saturday,2015,4,November,46,365,0,365,0,0,0,365,0,3652015-11-21,10,Leeds,Briggate,,Saturday,2015,4,November,46,2735,0,2735,0,0,0,2735,0,27352015-11-21,10,Leeds,"Briggate at McDonalds	",,Saturday,2015,4,November,46,1114,0,1114,0,0,0,1114,0,11142015-11-21,10,Leeds,Commercial Street at Sharps,,Saturday,2015,4,November,46,1915,0,1915,0,0,0,1915,0,19152015-11-21,10,Leeds,Commercial Street at Barratts,,Saturday,2015,4,November,46,1624,0,1624,0,0,0,1624,0,16242015-11-21,10,Leeds,Headrow,,Saturday,2015,4,November,46,1482,0,1482,0,0,0,1482,0,14822015-11-21,10,Leeds,"Dortmund Square	",,Saturday,2015,4,November,46,1232,0,1232,0,0,0,1232,0,12322015-11-21,10,Leeds,Albion Street South,,Saturday,2015,4,November,46,2329,0,2329,0,0,0,2329,0,23292015-11-21,10,Leeds,Albion Street North,,Saturday,2015,4,November,46,1430,0,1430,0,0,0,1430,0,14302015-11-21,11,Leeds,Briggate,,Saturday,2015,4,November,46,5750,0,5750,0,0,0,5750,0,57502015-11-21,11,Leeds,"Briggate at McDonalds	",,Saturday,2015,4,November,46,1759,0,1759,0,0,0,1759,0,17592015-11-21,11,Leeds,Commercial Street at Sharps,,Saturday,2015,4,November,46,3102,0,3102,0,0,0,3102,0,31022015-11-21,11,Leeds,Commercial Street at Barratts,,Saturday,2015,4,November,46,2644,0,2644,0,0,0,2644,0,26442015-11-21,11,Leeds,Headrow,,Saturday,2015,4,November,46,2367,0,2367,0,0,0,2367,0,23672015-11-21,11,Leeds,"Dortmund Square	",,Saturday,2015,4,November,46,1999,0,1999,0,0,0,1999,0,19992015-11-21,11,Leeds,Albion Street South,,Saturday,2015,4,November,46,5820,0,5820,0,0,0,5820,0,58202015-11-21,11,Leeds,Albion Street North,,Saturday,2015,4,November,46,4925,0,4925,0,0,0,4925,0,49252015-11-21,12,Leeds,Briggate,,Saturday,2015,4,November,46,7385,0,7385,0,0,0,7385,0,73852015-11-21,12,Leeds,"Briggate at McDonalds	",,Saturday,2015,4,November,46,3271,0,3271,0,0,0,3271,0,32712015-11-21,12,Leeds,Commercial Street at Sharps,,Saturday,2015,4,November,46,3805,0,3805,0,0,0,3805,0,38052015-11-21,12,Leeds,Commercial Street at Barratts,,Saturday,2015,4,November,46,3621,0,3621,0,0,0,3621,0,36212015-11-21,12,Leeds,Headrow,,Saturday,2015,4,November,46,3070,0,3070,0,0,0,3070,0,30702015-11-21,12,Leeds,"Dortmund Square	",,Saturday,2015,4,November,46,2867,0,2867,0,0,0,2867,0,28672015-11-21,12,Leeds,Albion Street South,,Saturday,2015,4,November,46,5911,0,5911,0,0,0,5911,0,59112015-11-21,12,Leeds,Albion Street North,,Saturday,2015,4,November,46,2343,0,2343,0,0,0,2343,0,23432015-11-21,13,Leeds,Briggate,,Saturday,2015,4,November,46,7379,0,7379,0,0,0,7379,0,73792015-11-21,13,Leeds,"Briggate at McDonalds	",,Saturday,2015,4,November,46,2973,0,2973,0,0,0,2973,0,29732015-11-21,13,Leeds,Commercial Street at Sharps,,Saturday,2015,4,November,46,4511,0,4511,0,0,0,4511,0,45112015-11-21,13,Leeds,Commercial Street at Barratts,,Saturday,2015,4,November,46,3864,0,3864,0,0,0,3864,0,38642015-11-21,13,Leeds,Headrow,,Saturday,2015,4,November,46,3452,0,3452,0,0,0,3452,0,34522015-11-21,13,Leeds,"Dortmund Square	",,Saturday,2015,4,November,46,3284,0,3284,0,0,0,3284,0,32842015-11-21,13,Leeds,Albion Street South,,Saturday,2015,4,November,46,7677,0,7677,0,0,0,7677,0,76772015-11-21,13,Leeds,Albion Street North,,Saturday,2015,4,November,46,3376,0,3376,0,0,0,3376,0,33762015-11-21,14,Leeds,Briggate,,Saturday,2015,4,November,46,7502,0,7502,0,0,0,7502,0,75022015-11-21,14,Leeds,"Briggate at McDonalds	",,Saturday,2015,4,November,46,2775,0,2775,0,0,0,2775,0,27752015-11-21,14,Leeds,Commercial Street at Sharps,,Saturday,2015,4,November,46,5391,0,5391,0,0,0,5391,0,53912015-11-21,14,Leeds,Commercial Street at Barratts,,Saturday,2015,4,November,46,3881,0,3881,0,0,0,3881,0,38812015-11-21,14,Leeds,Headrow,,Saturday,2015,4,November,46,3779,0,3779,0,0,0,3779,0,37792015-11-21,14,Leeds,"Dortmund Square	",,Saturday,2015,4,November,46,3594,0,3594,0,0,0,3594,0,35942015-11-21,14,Leeds,Albion Street South,,Saturday,2015,4,November,46,9303,0,9303,0,0,0,9303,0,93032015-11-21,14,Leeds,Albion Street North,,Saturday,2015,4,November,46,3854,0,3854,0,0,0,3854,0,38542015-11-21,15,Leeds,Briggate,,Saturday,2015,4,November,46,7721,0,7721,0,0,0,7721,0,77212015-11-21,15,Leeds,"Briggate at McDonalds	",,Saturday,2015,4,November,46,2617,0,2617,0,0,0,2617,0,26172015-11-21,15,Leeds,Commercial Street at Sharps,,Saturday,2015,4,November,46,5533,0,5533,0,0,0,5533,0,55332015-11-21,15,Leeds,Commercial Street at Barratts,,Saturday,2015,4,November,46,3947,0,3947,0,0,0,3947,0,39472015-11-21,15,Leeds,Headrow,,Saturday,2015,4,November,46,3403,0,3403,0,0,0,3403,0,34032015-11-21,15,Leeds,"Dortmund Square	",,Saturday,2015,4,November,46,3419,0,3419,0,0,0,3419,0,34192015-11-21,15,Leeds,Albion Street South,,Saturday,2015,4,November,46,9628,0,9628,0,0,0,9628,0,96282015-11-21,15,Leeds,Albion Street North,,Saturday,2015,4,November,46,3903,0,3903,0,0,0,3903,0,39032015-11-21,16,Leeds,Briggate,,Saturday,2015,4,November,46,2648,0,2648,0,0,0,2648,0,26482015-11-21,16,Leeds,"Briggate at McDonalds	",,Saturday,2015,4,November,46,2442,0,2442,0,0,0,2442,0,24422015-11-21,16,Leeds,Commercial Street at Sharps,,Saturday,2015,4,November,46,4211,0,4211,0,0,0,4211,0,42112015-11-21,16,Leeds,Commercial Street at Barratts,,Saturday,2015,4,November,46,2963,0,2963,0,0,0,2963,0,29632015-11-21,16,Leeds,Headrow,,Saturday,2015,4,November,46,2009,0,2009,0,0,0,2009,0,20092015-11-21,16,Leeds,"Dortmund Square	",,Saturday,2015,4,November,46,2891,0,2891,0,0,0,2891,0,28912015-11-21,16,Leeds,Albion Street South,,Saturday,2015,4,November,46,6704,0,6704,0,0,0,6704,0,67042015-11-21,16,Leeds,Albion Street North,,Saturday,2015,4,November,46,2045,0,2045,0,0,0,2045,0,20452015-11-21,17,Leeds,Briggate,,Saturday,2015,4,November,46,2014,0,2014,0,0,0,2014,0,20142015-11-21,17,Leeds,"Briggate at McDonalds	",,Saturday,2015,4,November,46,2109,0,2109,0,0,0,2109,0,21092015-11-21,17,Leeds,Commercial Street at Sharps,,Saturday,2015,4,November,46,2876,0,2876,0,0,0,2876,0,28762015-11-21,17,Leeds,Commercial Street at Barratts,,Saturday,2015,4,November,46,1834,0,1834,0,0,0,1834,0,18342015-11-21,17,Leeds,Headrow,,Saturday,2015,4,November,46,1064,0,1064,0,0,0,1064,0,10642015-11-21,17,Leeds,"Dortmund Square	",,Saturday,2015,4,November,46,2371,0,2371,0,0,0,2371,0,23712015-11-21,17,Leeds,Albion Street South,,Saturday,2015,4,November,46,4036,0,4036,0,0,0,4036,0,40362015-11-21,17,Leeds,Albion Street North,,Saturday,2015,4,November,46,1305,0,1305,0,0,0,1305,0,13052015-11-21,18,Leeds,Briggate,,Saturday,2015,4,November,46,1328,0,1328,0,0,0,1328,0,13282015-11-21,18,Leeds,"Briggate at McDonalds	",,Saturday,2015,4,November,46,1305,0,1305,0,0,0,1305,0,13052015-11-21,18,Leeds,Commercial Street at Sharps,,Saturday,2015,4,November,46,1475,0,1475,0,0,0,1475,0,14752015-11-21,18,Leeds,Commercial Street at Barratts,,Saturday,2015,4,November,46,823,0,823,0,0,0,823,0,8232015-11-21,18,Leeds,Headrow,,Saturday,2015,4,November,46,596,0,596,0,0,0,596,0,5962015-11-21,18,Leeds,"Dortmund Square	",,Saturday,2015,4,November,46,1565,0,1565,0,0,0,1565,0,15652015-11-21,18,Leeds,Albion Street South,,Saturday,2015,4,November,46,2183,0,2183,0,0,0,2183,0,21832015-11-21,18,Leeds,Albion Street North,,Saturday,2015,4,November,46,792,0,792,0,0,0,792,0,7922015-11-21,19,Leeds,Briggate,,Saturday,2015,4,November,46,934,0,934,0,0,0,934,0,9342015-11-21,19,Leeds,"Briggate at McDonalds	",,Saturday,2015,4,November,46,900,0,900,0,0,0,900,0,9002015-11-21,19,Leeds,Commercial Street at Sharps,,Saturday,2015,4,November,46,834,0,834,0,0,0,834,0,8342015-11-21,19,Leeds,Commercial Street at Barratts,,Saturday,2015,4,November,46,471,0,471,0,0,0,471,0,4712015-11-21,19,Leeds,Headrow,,Saturday,2015,4,November,46,223,0,223,0,0,0,223,0,2232015-11-21,19,Leeds,"Dortmund Square	",,Saturday,2015,4,November,46,1066,0,1066,0,0,0,1066,0,10662015-11-21,19,Leeds,Albion Street South,,Saturday,2015,4,November,46,1312,0,1312,0,0,0,1312,0,13122015-11-21,19,Leeds,Albion Street North,,Saturday,2015,4,November,46,682,0,682,0,0,0,682,0,6822015-11-21,20,Leeds,Briggate,,Saturday,2015,4,November,46,655,0,655,0,0,0,655,0,6552015-11-21,20,Leeds,"Briggate at McDonalds	",,Saturday,2015,4,November,46,684,0,684,0,0,0,684,0,6842015-11-21,20,Leeds,Commercial Street at Sharps,,Saturday,2015,4,November,46,561,0,561,0,0,0,561,0,5612015-11-21,20,Leeds,Commercial Street at Barratts,,Saturday,2015,4,November,46,329,0,329,0,0,0,329,0,3292015-11-21,20,Leeds,Headrow,,Saturday,2015,4,November,46,117,0,117,0,0,0,117,0,1172015-11-21,20,Leeds,"Dortmund Square	",,Saturday,2015,4,November,46,663,0,663,0,0,0,663,0,6632015-11-21,20,Leeds,Albion Street South,,Saturday,2015,4,November,46,902,0,902,0,0,0,902,0,9022015-11-21,20,Leeds,Albion Street North,,Saturday,2015,4,November,46,441,0,441,0,0,0,441,0,4412015-11-21,21,Leeds,Briggate,,Saturday,2015,4,November,46,487,0,487,0,0,0,487,0,4872015-11-21,21,Leeds,"Briggate at McDonalds	",,Saturday,2015,4,November,46,587,0,587,0,0,0,587,0,5872015-11-21,21,Leeds,Commercial Street at Sharps,,Saturday,2015,4,November,46,334,0,334,0,0,0,334,0,3342015-11-21,21,Leeds,Commercial Street at Barratts,,Saturday,2015,4,November,46,232,0,232,0,0,0,232,0,2322015-11-21,21,Leeds,Headrow,,Saturday,2015,4,November,46,57,0,57,0,0,0,57,0,572015-11-21,21,Leeds,"Dortmund Square	",,Saturday,2015,4,November,46,499,0,499,0,0,0,499,0,4992015-11-21,21,Leeds,Albion Street South,,Saturday,2015,4,November,46,716,0,716,0,0,0,716,0,7162015-11-21,21,Leeds,Albion Street North,,Saturday,2015,4,November,46,256,0,256,0,0,0,256,0,2562015-11-21,22,Leeds,Briggate,,Saturday,2015,4,November,46,657,0,657,0,0,0,657,0,6572015-11-21,22,Leeds,"Briggate at McDonalds	",,Saturday,2015,4,November,46,659,0,659,0,0,0,659,0,6592015-11-21,22,Leeds,Commercial Street at Sharps,,Saturday,2015,4,November,46,331,0,331,0,0,0,331,0,3312015-11-21,22,Leeds,Commercial Street at Barratts,,Saturday,2015,4,November,46,208,0,208,0,0,0,208,0,2082015-11-21,22,Leeds,Headrow,,Saturday,2015,4,November,46,57,0,57,0,0,0,57,0,572015-11-21,22,Leeds,"Dortmund Square	",,Saturday,2015,4,November,46,455,0,455,0,0,0,455,0,4552015-11-21,22,Leeds,Albion Street South,,Saturday,2015,4,November,46,554,0,554,0,0,0,554,0,5542015-11-21,22,Leeds,Albion Street North,,Saturday,2015,4,November,46,290,0,290,0,0,0,290,0,2902015-11-21,23,Leeds,Briggate,,Saturday,2015,4,November,46,497,0,497,0,0,0,497,0,4972015-11-21,23,Leeds,"Briggate at McDonalds	",,Saturday,2015,4,November,46,455,0,455,0,0,0,455,0,4552015-11-21,23,Leeds,Commercial Street at Sharps,,Saturday,2015,4,November,46,198,0,198,0,0,0,198,0,1982015-11-21,23,Leeds,Commercial Street at Barratts,,Saturday,2015,4,November,46,271,0,271,0,0,0,271,0,2712015-11-21,23,Leeds,Headrow,,Saturday,2015,4,November,46,159,0,159,0,0,0,159,0,1592015-11-21,23,Leeds,"Dortmund Square	",,Saturday,2015,4,November,46,351,0,351,0,0,0,351,0,3512015-11-21,23,Leeds,Albion Street South,,Saturday,2015,4,November,46,559,0,559,0,0,0,559,0,5592015-11-21,23,Leeds,Albion Street North,,Saturday,2015,4,November,46,205,0,205,0,0,0,205,0,2052015-11-22,0,Leeds,Briggate,,Sunday,2015,4,November,46,501,0,501,0,0,0,501,0,5012015-11-22,0,Leeds,"Briggate at McDonalds	",,Sunday,2015,4,November,46,429,0,429,0,0,0,429,0,4292015-11-22,0,Leeds,Commercial Street at Sharps,,Sunday,2015,4,November,46,159,0,159,0,0,0,159,0,1592015-11-22,0,Leeds,Commercial Street at Barratts,,Sunday,2015,4,November,46,346,0,346,0,0,0,346,0,3462015-11-22,0,Leeds,Headrow,,Sunday,2015,4,November,46,268,0,268,0,0,0,268,0,2682015-11-22,0,Leeds,"Dortmund Square	",,Sunday,2015,4,November,46,242,0,242,0,0,0,242,0,2422015-11-22,0,Leeds,Albion Street South,,Sunday,2015,4,November,46,50,0,50,0,0,0,50,0,502015-11-22,0,Leeds,Albion Street North,,Sunday,2015,4,November,46,22,0,22,0,0,0,22,0,222015-11-22,1,Leeds,Briggate,,Sunday,2015,4,November,46,448,0,448,0,0,0,448,0,4482015-11-22,1,Leeds,"Briggate at McDonalds	",,Sunday,2015,4,November,46,343,0,343,0,0,0,343,0,3432015-11-22,1,Leeds,Commercial Street at Sharps,,Sunday,2015,4,November,46,94,0,94,0,0,0,94,0,942015-11-22,1,Leeds,Commercial Street at Barratts,,Sunday,2015,4,November,46,164,0,164,0,0,0,164,0,1642015-11-22,1,Leeds,Headrow,,Sunday,2015,4,November,46,183,0,183,0,0,0,183,0,1832015-11-22,1,Leeds,"Dortmund Square	",,Sunday,2015,4,November,46,179,0,179,0,0,0,179,0,1792015-11-22,1,Leeds,Albion Street South,,Sunday,2015,4,November,46,301,0,301,0,0,0,301,0,3012015-11-22,1,Leeds,Albion Street North,,Sunday,2015,4,November,46,87,0,87,0,0,0,87,0,872015-11-22,2,Leeds,Briggate,,Sunday,2015,4,November,46,304,0,304,0,0,0,304,0,3042015-11-22,2,Leeds,"Briggate at McDonalds	",,Sunday,2015,4,November,46,260,0,260,0,0,0,260,0,2602015-11-22,2,Leeds,Commercial Street at Sharps,,Sunday,2015,4,November,46,63,0,63,0,0,0,63,0,632015-11-22,2,Leeds,Commercial Street at Barratts,,Sunday,2015,4,November,46,102,0,102,0,0,0,102,0,1022015-11-22,2,Leeds,Headrow,,Sunday,2015,4,November,46,159,0,159,0,0,0,159,0,1592015-11-22,2,Leeds,"Dortmund Square	",,Sunday,2015,4,November,46,111,0,111,0,0,0,111,0,1112015-11-22,2,Leeds,Albion Street South,,Sunday,2015,4,November,46,247,0,247,0,0,0,247,0,2472015-11-22,2,Leeds,Albion Street North,,Sunday,2015,4,November,46,74,0,74,0,0,0,74,0,742015-11-22,3,Leeds,Briggate,,Sunday,2015,4,November,46,201,0,201,0,0,0,201,0,2012015-11-22,3,Leeds,"Briggate at McDonalds	",,Sunday,2015,4,November,46,194,0,194,0,0,0,194,0,1942015-11-22,3,Leeds,Commercial Street at Sharps,,Sunday,2015,4,November,46,30,0,30,0,0,0,30,0,302015-11-22,3,Leeds,Commercial Street at Barratts,,Sunday,2015,4,November,46,83,0,83,0,0,0,83,0,832015-11-22,3,Leeds,Headrow,,Sunday,2015,4,November,46,77,0,77,0,0,0,77,0,772015-11-22,3,Leeds,"Dortmund Square	",,Sunday,2015,4,November,46,88,0,88,0,0,0,88,0,882015-11-22,3,Leeds,Albion Street South,,Sunday,2015,4,November,46,250,0,250,0,0,0,250,0,2502015-11-22,3,Leeds,Albion Street North,,Sunday,2015,4,November,46,40,0,40,0,0,0,40,0,402015-11-22,4,Leeds,Briggate,,Sunday,2015,4,November,46,212,0,212,0,0,0,212,0,2122015-11-22,4,Leeds,"Briggate at McDonalds	",,Sunday,2015,4,November,46,128,0,128,0,0,0,128,0,1282015-11-22,4,Leeds,Commercial Street at Sharps,,Sunday,2015,4,November,46,41,0,41,0,0,0,41,0,412015-11-22,4,Leeds,Commercial Street at Barratts,,Sunday,2015,4,November,46,21,0,21,0,0,0,21,0,212015-11-22,4,Leeds,Headrow,,Sunday,2015,4,November,46,69,0,69,0,0,0,69,0,692015-11-22,4,Leeds,"Dortmund Square	",,Sunday,2015,4,November,46,54,0,54,0,0,0,54,0,542015-11-22,4,Leeds,Albion Street South,,Sunday,2015,4,November,46,96,0,96,0,0,0,96,0,962015-11-22,4,Leeds,Albion Street North,,Sunday,2015,4,November,46,76,0,76,0,0,0,76,0,762015-11-22,5,Leeds,Briggate,,Sunday,2015,4,November,46,120,0,120,0,0,0,120,0,1202015-11-22,5,Leeds,"Briggate at McDonalds	",,Sunday,2015,4,November,46,43,0,43,0,0,0,43,0,432015-11-22,5,Leeds,Commercial Street at Sharps,,Sunday,2015,4,November,46,32,0,32,0,0,0,32,0,322015-11-22,5,Leeds,Commercial Street at Barratts,,Sunday,2015,4,November,46,0,0,0,0,0,0,0,0,02015-11-22,5,Leeds,Headrow,,Sunday,2015,4,November,46,13,0,13,0,0,0,13,0,132015-11-22,5,Leeds,"Dortmund Square	",,Sunday,2015,4,November,46,36,0,36,0,0,0,36,0,362015-11-22,5,Leeds,Albion Street South,,Sunday,2015,4,November,46,9,0,9,0,0,0,9,0,92015-11-22,5,Leeds,Albion Street North,,Sunday,2015,4,November,46,24,0,24,0,0,0,24,0,242015-11-22,6,Leeds,Briggate,,Sunday,2015,4,November,46,113,0,113,0,0,0,113,0,1132015-11-22,6,Leeds,"Briggate at McDonalds	",,Sunday,2015,4,November,46,58,0,58,0,0,0,58,0,582015-11-22,6,Leeds,Commercial Street at Sharps,,Sunday,2015,4,November,46,43,0,43,0,0,0,43,0,432015-11-22,6,Leeds,Commercial Street at Barratts,,Sunday,2015,4,November,46,16,0,16,0,0,0,16,0,162015-11-22,6,Leeds,Headrow,,Sunday,2015,4,November,46,22,0,22,0,0,0,22,0,222015-11-22,6,Leeds,"Dortmund Square	",,Sunday,2015,4,November,46,48,0,48,0,0,0,48,0,482015-11-22,6,Leeds,Albion Street South,,Sunday,2015,4,November,46,42,0,42,0,0,0,42,0,422015-11-22,6,Leeds,Albion Street North,,Sunday,2015,4,November,46,27,0,27,0,0,0,27,0,272015-11-22,7,Leeds,Briggate,,Sunday,2015,4,November,46,151,0,151,0,0,0,151,0,1512015-11-22,7,Leeds,"Briggate at McDonalds	",,Sunday,2015,4,November,46,74,0,74,0,0,0,74,0,742015-11-22,7,Leeds,Commercial Street at Sharps,,Sunday,2015,4,November,46,62,0,62,0,0,0,62,0,622015-11-22,7,Leeds,Commercial Street at Barratts,,Sunday,2015,4,November,46,43,0,43,0,0,0,43,0,432015-11-22,7,Leeds,Headrow,,Sunday,2015,4,November,46,57,0,57,0,0,0,57,0,572015-11-22,7,Leeds,"Dortmund Square	",,Sunday,2015,4,November,46,51,0,51,0,0,0,51,0,512015-11-22,7,Leeds,Albion Street South,,Sunday,2015,4,November,46,46,0,46,0,0,0,46,0,462015-11-22,7,Leeds,Albion Street North,,Sunday,2015,4,November,46,64,0,64,0,0,0,64,0,642015-11-22,8,Leeds,Briggate,,Sunday,2015,4,November,46,240,0,240,0,0,0,240,0,2402015-11-22,8,Leeds,"Briggate at McDonalds	",,Sunday,2015,4,November,46,110,0,110,0,0,0,110,0,1102015-11-22,8,Leeds,Commercial Street at Sharps,,Sunday,2015,4,November,46,86,0,86,0,0,0,86,0,862015-11-22,8,Leeds,Commercial Street at Barratts,,Sunday,2015,4,November,46,43,0,43,0,0,0,43,0,432015-11-22,8,Leeds,Headrow,,Sunday,2015,4,November,46,95,0,95,0,0,0,95,0,952015-11-22,8,Leeds,"Dortmund Square	",,Sunday,2015,4,November,46,78,0,78,0,0,0,78,0,782015-11-22,8,Leeds,Albion Street South,,Sunday,2015,4,November,46,144,0,144,0,0,0,144,0,1442015-11-22,8,Leeds,Albion Street North,,Sunday,2015,4,November,46,76,0,76,0,0,0,76,0,762015-11-22,9,Leeds,Briggate,,Sunday,2015,4,November,46,441,0,441,0,0,0,441,0,4412015-11-22,9,Leeds,"Briggate at McDonalds	",,Sunday,2015,4,November,46,169,0,169,0,0,0,169,0,1692015-11-22,9,Leeds,Commercial Street at Sharps,,Sunday,2015,4,November,46,206,0,206,0,0,0,206,0,2062015-11-22,9,Leeds,Commercial Street at Barratts,,Sunday,2015,4,November,46,120,0,120,0,0,0,120,0,1202015-11-22,9,Leeds,Headrow,,Sunday,2015,4,November,46,216,0,216,0,0,0,216,0,2162015-11-22,9,Leeds,"Dortmund Square	",,Sunday,2015,4,November,46,139,0,139,0,0,0,139,0,1392015-11-22,9,Leeds,Albion Street South,,Sunday,2015,4,November,46,226,0,226,0,0,0,226,0,2262015-11-22,9,Leeds,Albion Street North,,Sunday,2015,4,November,46,175,0,175,0,0,0,175,0,1752015-11-22,10,Leeds,Briggate,,Sunday,2015,4,November,46,1475,0,1475,0,0,0,1475,0,14752015-11-22,10,Leeds,"Briggate at McDonalds	",,Sunday,2015,4,November,46,476,0,476,0,0,0,476,0,4762015-11-22,10,Leeds,Commercial Street at Sharps,,Sunday,2015,4,November,46,810,0,810,0,0,0,810,0,8102015-11-22,10,Leeds,Commercial Street at Barratts,,Sunday,2015,4,November,46,439,0,439,0,0,0,439,0,4392015-11-22,10,Leeds,Headrow,,Sunday,2015,4,November,46,734,0,734,0,0,0,734,0,7342015-11-22,10,Leeds,"Dortmund Square	",,Sunday,2015,4,November,46,493,0,493,0,0,0,493,0,4932015-11-22,10,Leeds,Albion Street South,,Sunday,2015,4,November,46,844,0,844,0,0,0,844,0,8442015-11-22,10,Leeds,Albion Street North,,Sunday,2015,4,November,46,551,0,551,0,0,0,551,0,5512015-11-22,11,Leeds,Briggate,,Sunday,2015,4,November,46,4434,0,4434,0,0,0,4434,0,44342015-11-22,11,Leeds,"Briggate at McDonalds	",,Sunday,2015,4,November,46,979,0,979,0,0,0,979,0,9792015-11-22,11,Leeds,Commercial Street at Sharps,,Sunday,2015,4,November,46,2008,0,2008,0,0,0,2008,0,20082015-11-22,11,Leeds,Commercial Street at Barratts,,Sunday,2015,4,November,46,1160,0,1160,0,0,0,1160,0,11602015-11-22,11,Leeds,Headrow,,Sunday,2015,4,November,46,1407,0,1407,0,0,0,1407,0,14072015-11-22,11,Leeds,"Dortmund Square	",,Sunday,2015,4,November,46,1241,0,1241,0,0,0,1241,0,12412015-11-22,11,Leeds,Albion Street South,,Sunday,2015,4,November,46,3453,0,3453,0,0,0,3453,0,34532015-11-22,11,Leeds,Albion Street North,,Sunday,2015,4,November,46,2113,0,2113,0,0,0,2113,0,21132015-11-22,12,Leeds,Briggate,,Sunday,2015,4,November,46,5394,0,5394,0,0,0,5394,0,53942015-11-22,12,Leeds,"Briggate at McDonalds	",,Sunday,2015,4,November,46,1469,0,1469,0,0,0,1469,0,14692015-11-22,12,Leeds,Commercial Street at Sharps,,Sunday,2015,4,November,46,3030,0,3030,0,0,0,3030,0,30302015-11-22,12,Leeds,Commercial Street at Barratts,,Sunday,2015,4,November,46,1962,0,1962,0,0,0,1962,0,19622015-11-22,12,Leeds,Headrow,,Sunday,2015,4,November,46,1934,0,1934,0,0,0,1934,0,19342015-11-22,12,Leeds,"Dortmund Square	",,Sunday,2015,4,November,46,1779,0,1779,0,0,0,1779,0,17792015-11-22,12,Leeds,Albion Street South,,Sunday,2015,4,November,46,2894,0,2894,0,0,0,2894,0,28942015-11-22,12,Leeds,Albion Street North,,Sunday,2015,4,November,46,1521,0,1521,0,0,0,1521,0,15212015-11-22,13,Leeds,Briggate,,Sunday,2015,4,November,46,5554,0,5554,0,0,0,5554,0,55542015-11-22,13,Leeds,"Briggate at McDonalds	",,Sunday,2015,4,November,46,1546,0,1546,0,0,0,1546,0,15462015-11-22,13,Leeds,Commercial Street at Sharps,,Sunday,2015,4,November,46,3625,0,3625,0,0,0,3625,0,36252015-11-22,13,Leeds,Commercial Street at Barratts,,Sunday,2015,4,November,46,2496,0,2496,0,0,0,2496,0,24962015-11-22,13,Leeds,Headrow,,Sunday,2015,4,November,46,2311,0,2311,0,0,0,2311,0,23112015-11-22,13,Leeds,"Dortmund Square	",,Sunday,2015,4,November,46,2190,0,2190,0,0,0,2190,0,21902015-11-22,13,Leeds,Albion Street South,,Sunday,2015,4,November,46,4585,0,4585,0,0,0,4585,0,45852015-11-22,13,Leeds,Albion Street North,,Sunday,2015,4,November,46,1900,0,1900,0,0,0,1900,0,19002015-11-22,14,Leeds,Briggate,,Sunday,2015,4,November,46,5635,0,5635,0,0,0,5635,0,56352015-11-22,14,Leeds,"Briggate at McDonalds	",,Sunday,2015,4,November,46,1640,0,1640,0,0,0,1640,0,16402015-11-22,14,Leeds,Commercial Street at Sharps,,Sunday,2015,4,November,46,4006,0,4006,0,0,0,4006,0,40062015-11-22,14,Leeds,Commercial Street at Barratts,,Sunday,2015,4,November,46,2751,0,2751,0,0,0,2751,0,27512015-11-22,14,Leeds,Headrow,,Sunday,2015,4,November,46,2366,0,2366,0,0,0,2366,0,23662015-11-22,14,Leeds,"Dortmund Square	",,Sunday,2015,4,November,46,2423,0,2423,0,0,0,2423,0,24232015-11-22,14,Leeds,Albion Street South,,Sunday,2015,4,November,46,5314,0,5314,0,0,0,5314,0,53142015-11-22,14,Leeds,Albion Street North,,Sunday,2015,4,November,46,2188,0,2188,0,0,0,2188,0,21882015-11-22,15,Leeds,Briggate,,Sunday,2015,4,November,46,5040,0,5040,0,0,0,5040,0,50402015-11-22,15,Leeds,"Briggate at McDonalds	",,Sunday,2015,4,November,46,1516,0,1516,0,0,0,1516,0,15162015-11-22,15,Leeds,Commercial Street at Sharps,,Sunday,2015,4,November,46,3477,0,3477,0,0,0,3477,0,34772015-11-22,15,Leeds,Commercial Street at Barratts,,Sunday,2015,4,November,46,2012,0,2012,0,0,0,2012,0,20122015-11-22,15,Leeds,Headrow,,Sunday,2015,4,November,46,2153,0,2153,0,0,0,2153,0,21532015-11-22,15,Leeds,"Dortmund Square	",,Sunday,2015,4,November,46,2209,0,2209,0,0,0,2209,0,22092015-11-22,15,Leeds,Albion Street South,,Sunday,2015,4,November,46,4472,0,4472,0,0,0,4472,0,44722015-11-22,15,Leeds,Albion Street North,,Sunday,2015,4,November,46,1907,0,1907,0,0,0,1907,0,19072015-11-22,16,Leeds,Briggate,,Sunday,2015,4,November,46,1411,0,1411,0,0,0,1411,0,14112015-11-22,16,Leeds,"Briggate at McDonalds	",,Sunday,2015,4,November,46,1255,0,1255,0,0,0,1255,0,12552015-11-22,16,Leeds,Commercial Street at Sharps,,Sunday,2015,4,November,46,2202,0,2202,0,0,0,2202,0,22022015-11-22,16,Leeds,Commercial Street at Barratts,,Sunday,2015,4,November,46,1596,0,1596,0,0,0,1596,0,15962015-11-22,16,Leeds,Headrow,,Sunday,2015,4,November,46,813,0,813,0,0,0,813,0,8132015-11-22,16,Leeds,"Dortmund Square	",,Sunday,2015,4,November,46,1776,0,1776,0,0,0,1776,0,17762015-11-22,16,Leeds,Albion Street South,,Sunday,2015,4,November,46,2972,0,2972,0,0,0,2972,0,29722015-11-22,16,Leeds,Albion Street North,,Sunday,2015,4,November,46,959,0,959,0,0,0,959,0,9592015-11-22,17,Leeds,Briggate,,Sunday,2015,4,November,46,643,0,643,0,0,0,643,0,6432015-11-22,17,Leeds,"Briggate at McDonalds	",,Sunday,2015,4,November,46,784,0,784,0,0,0,784,0,7842015-11-22,17,Leeds,Commercial Street at Sharps,,Sunday,2015,4,November,46,813,0,813,0,0,0,813,0,8132015-11-22,17,Leeds,Commercial Street at Barratts,,Sunday,2015,4,November,46,583,0,583,0,0,0,583,0,5832015-11-22,17,Leeds,Headrow,,Sunday,2015,4,November,46,153,0,153,0,0,0,153,0,1532015-11-22,17,Leeds,"Dortmund Square	",,Sunday,2015,4,November,46,1027,0,1027,0,0,0,1027,0,10272015-11-22,17,Leeds,Albion Street South,,Sunday,2015,4,November,46,1118,0,1118,0,0,0,1118,0,11182015-11-22,17,Leeds,Albion Street North,,Sunday,2015,4,November,46,475,0,475,0,0,0,475,0,4752015-11-22,18,Leeds,Briggate,,Sunday,2015,4,November,46,390,0,390,0,0,0,390,0,3902015-11-22,18,Leeds,"Briggate at McDonalds	",,Sunday,2015,4,November,46,459,0,459,0,0,0,459,0,4592015-11-22,18,Leeds,Commercial Street at Sharps,,Sunday,2015,4,November,46,359,0,359,0,0,0,359,0,3592015-11-22,18,Leeds,Commercial Street at Barratts,,Sunday,2015,4,November,46,236,0,236,0,0,0,236,0,2362015-11-22,18,Leeds,Headrow,,Sunday,2015,4,November,46,46,0,46,0,0,0,46,0,462015-11-22,18,Leeds,"Dortmund Square	",,Sunday,2015,4,November,46,499,0,499,0,0,0,499,0,4992015-11-22,18,Leeds,Albion Street South,,Sunday,2015,4,November,46,502,0,502,0,0,0,502,0,5022015-11-22,18,Leeds,Albion Street North,,Sunday,2015,4,November,46,247,0,247,0,0,0,247,0,2472015-11-22,19,Leeds,Briggate,,Sunday,2015,4,November,46,232,0,232,0,0,0,232,0,2322015-11-22,19,Leeds,"Briggate at McDonalds	",,Sunday,2015,4,November,46,292,0,292,0,0,0,292,0,2922015-11-22,19,Leeds,Commercial Street at Sharps,,Sunday,2015,4,November,46,259,0,259,0,0,0,259,0,2592015-11-22,19,Leeds,Commercial Street at Barratts,,Sunday,2015,4,November,46,163,0,163,0,0,0,163,0,1632015-11-22,19,Leeds,Headrow,,Sunday,2015,4,November,46,22,0,22,0,0,0,22,0,222015-11-22,19,Leeds,"Dortmund Square	",,Sunday,2015,4,November,46,265,0,265,0,0,0,265,0,2652015-11-22,19,Leeds,Albion Street South,,Sunday,2015,4,November,46,348,0,348,0,0,0,348,0,3482015-11-22,19,Leeds,Albion Street North,,Sunday,2015,4,November,46,142,0,142,0,0,0,142,0,1422015-11-22,20,Leeds,Briggate,,Sunday,2015,4,November,46,147,0,147,0,0,0,147,0,1472015-11-22,20,Leeds,"Briggate at McDonalds	",,Sunday,2015,4,November,46,221,0,221,0,0,0,221,0,2212015-11-22,20,Leeds,Commercial Street at Sharps,,Sunday,2015,4,November,46,156,0,156,0,0,0,156,0,1562015-11-22,20,Leeds,Commercial Street at Barratts,,Sunday,2015,4,November,46,100,0,100,0,0,0,100,0,1002015-11-22,20,Leeds,Headrow,,Sunday,2015,4,November,46,17,0,17,0,0,0,17,0,172015-11-22,20,Leeds,"Dortmund Square	",,Sunday,2015,4,November,46,155,0,155,0,0,0,155,0,1552015-11-22,20,Leeds,Albion Street South,,Sunday,2015,4,November,46,241,0,241,0,0,0,241,0,2412015-11-22,20,Leeds,Albion Street North,,Sunday,2015,4,November,46,83,0,83,0,0,0,83,0,832015-11-22,21,Leeds,Briggate,,Sunday,2015,4,November,46,136,0,136,0,0,0,136,0,1362015-11-22,21,Leeds,"Briggate at McDonalds	",,Sunday,2015,4,November,46,167,0,167,0,0,0,167,0,1672015-11-22,21,Leeds,Commercial Street at Sharps,,Sunday,2015,4,November,46,97,0,97,0,0,0,97,0,972015-11-22,21,Leeds,Commercial Street at Barratts,,Sunday,2015,4,November,46,144,0,144,0,0,0,144,0,1442015-11-22,21,Leeds,Headrow,,Sunday,2015,4,November,46,14,0,14,0,0,0,14,0,142015-11-22,21,Leeds,"Dortmund Square	",,Sunday,2015,4,November,46,128,0,128,0,0,0,128,0,1282015-11-22,21,Leeds,Albion Street South,,Sunday,2015,4,November,46,146,0,146,0,0,0,146,0,1462015-11-22,21,Leeds,Albion Street North,,Sunday,2015,4,November,46,66,0,66,0,0,0,66,0,662015-11-22,22,Leeds,Briggate,,Sunday,2015,4,November,46,135,0,135,0,0,0,135,0,1352015-11-22,22,Leeds,"Briggate at McDonalds	",,Sunday,2015,4,November,46,133,0,133,0,0,0,133,0,1332015-11-22,22,Leeds,Commercial Street at Sharps,,Sunday,2015,4,November,46,101,0,101,0,0,0,101,0,1012015-11-22,22,Leeds,Commercial Street at Barratts,,Sunday,2015,4,November,46,100,0,100,0,0,0,100,0,1002015-11-22,22,Leeds,Headrow,,Sunday,2015,4,November,46,27,0,27,0,0,0,27,0,272015-11-22,22,Leeds,"Dortmund Square	",,Sunday,2015,4,November,46,95,0,95,0,0,0,95,0,952015-11-22,22,Leeds,Albion Street South,,Sunday,2015,4,November,46,98,0,98,0,0,0,98,0,982015-11-22,22,Leeds,Albion Street North,,Sunday,2015,4,November,46,43,0,43,0,0,0,43,0,432015-11-22,23,Leeds,Briggate,,Sunday,2015,4,November,46,100,0,100,0,0,0,100,0,1002015-11-22,23,Leeds,"Briggate at McDonalds	",,Sunday,2015,4,November,46,73,0,73,0,0,0,73,0,732015-11-22,23,Leeds,Commercial Street at Sharps,,Sunday,2015,4,November,46,46,0,46,0,0,0,46,0,462015-11-22,23,Leeds,Commercial Street at Barratts,,Sunday,2015,4,November,46,41,0,41,0,0,0,41,0,412015-11-22,23,Leeds,Headrow,,Sunday,2015,4,November,46,98,0,98,0,0,0,98,0,982015-11-22,23,Leeds,"Dortmund Square	",,Sunday,2015,4,November,46,72,0,72,0,0,0,72,0,722015-11-22,23,Leeds,Albion Street South,,Sunday,2015,4,November,46,48,0,48,0,0,0,48,0,482015-11-22,23,Leeds,Albion Street North,,Sunday,2015,4,November,46,19,0,19,0,0,0,19,0,192015-11-23,0,Leeds,Briggate,,Monday,2015,4,November,47,55,0,55,0,0,0,55,0,552015-11-23,0,Leeds,"Briggate at McDonalds	",,Monday,2015,4,November,47,58,0,58,0,0,0,58,0,582015-11-23,0,Leeds,Commercial Street at Sharps,,Monday,2015,4,November,47,15,0,15,0,0,0,15,0,152015-11-23,0,Leeds,Commercial Street at Barratts,,Monday,2015,4,November,47,22,0,22,0,0,0,22,0,222015-11-23,0,Leeds,Headrow,,Monday,2015,4,November,47,39,0,39,0,0,0,39,0,392015-11-23,0,Leeds,"Dortmund Square	",,Monday,2015,4,November,47,59,0,59,0,0,0,59,0,592015-11-23,0,Leeds,Albion Street South,,Monday,2015,4,November,47,25,0,25,0,0,0,25,0,252015-11-23,0,Leeds,Albion Street North,,Monday,2015,4,November,47,10,0,10,0,0,0,10,0,102015-11-23,1,Leeds,Briggate,,Monday,2015,4,November,47,64,0,64,0,0,0,64,0,642015-11-23,1,Leeds,"Briggate at McDonalds	",,Monday,2015,4,November,47,42,0,42,0,0,0,42,0,422015-11-23,1,Leeds,Commercial Street at Sharps,,Monday,2015,4,November,47,27,0,27,0,0,0,27,0,272015-11-23,1,Leeds,Commercial Street at Barratts,,Monday,2015,4,November,47,0,0,0,0,0,0,0,0,02015-11-23,1,Leeds,Headrow,,Monday,2015,4,November,47,19,0,19,0,0,0,19,0,192015-11-23,1,Leeds,"Dortmund Square	",,Monday,2015,4,November,47,41,0,41,0,0,0,41,0,412015-11-23,1,Leeds,Albion Street South,,Monday,2015,4,November,47,16,0,16,0,0,0,16,0,162015-11-23,1,Leeds,Albion Street North,,Monday,2015,4,November,47,10,0,10,0,0,0,10,0,102015-11-23,2,Leeds,Briggate,,Monday,2015,4,November,47,29,0,29,0,0,0,29,0,292015-11-23,2,Leeds,"Briggate at McDonalds	",,Monday,2015,4,November,47,12,0,12,0,0,0,12,0,122015-11-23,2,Leeds,Commercial Street at Sharps,,Monday,2015,4,November,47,8,0,8,0,0,0,8,0,82015-11-23,2,Leeds,Commercial Street at Barratts,,Monday,2015,4,November,47,0,0,0,0,0,0,0,0,02015-11-23,2,Leeds,Headrow,,Monday,2015,4,November,47,3,0,3,0,0,0,3,0,32015-11-23,2,Leeds,"Dortmund Square	",,Monday,2015,4,November,47,11,0,11,0,0,0,11,0,112015-11-23,2,Leeds,Albion Street South,,Monday,2015,4,November,47,46,0,46,0,0,0,46,0,462015-11-23,2,Leeds,Albion Street North,,Monday,2015,4,November,47,16,0,16,0,0,0,16,0,162015-11-23,3,Leeds,Briggate,,Monday,2015,4,November,47,49,0,49,0,0,0,49,0,492015-11-23,3,Leeds,"Briggate at McDonalds	",,Monday,2015,4,November,47,18,0,18,0,0,0,18,0,182015-11-23,3,Leeds,Commercial Street at Sharps,,Monday,2015,4,November,47,10,0,10,0,0,0,10,0,102015-11-23,3,Leeds,Commercial Street at Barratts,,Monday,2015,4,November,47,0,0,0,0,0,0,0,0,02015-11-23,3,Leeds,Headrow,,Monday,2015,4,November,47,10,0,10,0,0,0,10,0,102015-11-23,3,Leeds,"Dortmund Square	",,Monday,2015,4,November,47,15,0,15,0,0,0,15,0,152015-11-23,3,Leeds,Albion Street South,,Monday,2015,4,November,47,11,0,11,0,0,0,11,0,112015-11-23,3,Leeds,Albion Street North,,Monday,2015,4,November,47,4,0,4,0,0,0,4,0,42015-11-23,4,Leeds,Briggate,,Monday,2015,4,November,47,37,0,37,0,0,0,37,0,372015-11-23,4,Leeds,"Briggate at McDonalds	",,Monday,2015,4,November,47,19,0,19,0,0,0,19,0,192015-11-23,4,Leeds,Commercial Street at Sharps,,Monday,2015,4,November,47,11,0,11,0,0,0,11,0,112015-11-23,4,Leeds,Commercial Street at Barratts,,Monday,2015,4,November,47,0,0,0,0,0,0,0,0,02015-11-23,4,Leeds,Headrow,,Monday,2015,4,November,47,7,0,7,0,0,0,7,0,72015-11-23,4,Leeds,"Dortmund Square	",,Monday,2015,4,November,47,8,0,8,0,0,0,8,0,82015-11-23,4,Leeds,Albion Street South,,Monday,2015,4,November,47,7,0,7,0,0,0,7,0,72015-11-23,4,Leeds,Albion Street North,,Monday,2015,4,November,47,14,0,14,0,0,0,14,0,142015-11-23,5,Leeds,Briggate,,Monday,2015,4,November,47,45,0,45,0,0,0,45,0,452015-11-23,5,Leeds,"Briggate at McDonalds	",,Monday,2015,4,November,47,54,0,54,0,0,0,54,0,542015-11-23,5,Leeds,Commercial Street at Sharps,,Monday,2015,4,November,47,56,0,56,0,0,0,56,0,562015-11-23,5,Leeds,Commercial Street at Barratts,,Monday,2015,4,November,47,22,0,22,0,0,0,22,0,222015-11-23,5,Leeds,Headrow,,Monday,2015,4,November,47,28,0,28,0,0,0,28,0,282015-11-23,5,Leeds,"Dortmund Square	",,Monday,2015,4,November,47,29,0,29,0,0,0,29,0,292015-11-23,5,Leeds,Albion Street South,,Monday,2015,4,November,47,47,0,47,0,0,0,47,0,472015-11-23,5,Leeds,Albion Street North,,Monday,2015,4,November,47,35,0,35,0,0,0,35,0,352015-11-23,6,Leeds,Briggate,,Monday,2015,4,November,47,122,0,122,0,0,0,122,0,1222015-11-23,6,Leeds,"Briggate at McDonalds	",,Monday,2015,4,November,47,171,0,171,0,0,0,171,0,1712015-11-23,6,Leeds,Commercial Street at Sharps,,Monday,2015,4,November,47,123,0,123,0,0,0,123,0,1232015-11-23,6,Leeds,Commercial Street at Barratts,,Monday,2015,4,November,47,98,0,98,0,0,0,98,0,982015-11-23,6,Leeds,Headrow,,Monday,2015,4,November,47,77,0,77,0,0,0,77,0,772015-11-23,6,Leeds,"Dortmund Square	",,Monday,2015,4,November,47,107,0,107,0,0,0,107,0,1072015-11-23,6,Leeds,Albion Street South,,Monday,2015,4,November,47,91,0,91,0,0,0,91,0,912015-11-23,6,Leeds,Albion Street North,,Monday,2015,4,November,47,45,0,45,0,0,0,45,0,452015-11-23,7,Leeds,Briggate,,Monday,2015,4,November,47,347,0,347,0,0,0,347,0,3472015-11-23,7,Leeds,"Briggate at McDonalds	",,Monday,2015,4,November,47,301,0,301,0,0,0,301,0,3012015-11-23,7,Leeds,Commercial Street at Sharps,,Monday,2015,4,November,47,288,0,288,0,0,0,288,0,2882015-11-23,7,Leeds,Commercial Street at Barratts,,Monday,2015,4,November,47,226,0,226,0,0,0,226,0,2262015-11-23,7,Leeds,Headrow,,Monday,2015,4,November,47,212,0,212,0,0,0,212,0,2122015-11-23,7,Leeds,"Dortmund Square	",,Monday,2015,4,November,47,455,0,455,0,0,0,455,0,4552015-11-23,7,Leeds,Albion Street South,,Monday,2015,4,November,47,399,0,399,0,0,0,399,0,3992015-11-23,7,Leeds,Albion Street North,,Monday,2015,4,November,47,240,0,240,0,0,0,240,0,2402015-11-23,8,Leeds,Briggate,,Monday,2015,4,November,47,973,0,973,0,0,0,973,0,9732015-11-23,8,Leeds,"Briggate at McDonalds	",,Monday,2015,4,November,47,515,0,515,0,0,0,515,0,5152015-11-23,8,Leeds,Commercial Street at Sharps,,Monday,2015,4,November,47,992,0,992,0,0,0,992,0,9922015-11-23,8,Leeds,Commercial Street at Barratts,,Monday,2015,4,November,47,494,0,494,0,0,0,494,0,4942015-11-23,8,Leeds,Headrow,,Monday,2015,4,November,47,588,0,588,0,0,0,588,0,5882015-11-23,8,Leeds,"Dortmund Square	",,Monday,2015,4,November,47,1177,0,1177,0,0,0,1177,0,11772015-11-23,8,Leeds,Albion Street South,,Monday,2015,4,November,47,1208,0,1208,0,0,0,1208,0,12082015-11-23,8,Leeds,Albion Street North,,Monday,2015,4,November,47,913,0,913,0,0,0,913,0,9132015-11-23,9,Leeds,Briggate,,Monday,2015,4,November,47,1122,0,1122,0,0,0,1122,0,11222015-11-23,9,Leeds,"Briggate at McDonalds	",,Monday,2015,4,November,47,626,0,626,0,0,0,626,0,6262015-11-23,9,Leeds,Commercial Street at Sharps,,Monday,2015,4,November,47,990,0,990,0,0,0,990,0,9902015-11-23,9,Leeds,Commercial Street at Barratts,,Monday,2015,4,November,47,558,0,558,0,0,0,558,0,5582015-11-23,9,Leeds,Headrow,,Monday,2015,4,November,47,728,0,728,0,0,0,728,0,7282015-11-23,9,Leeds,"Dortmund Square	",,Monday,2015,4,November,47,1050,0,1050,0,0,0,1050,0,10502015-11-23,9,Leeds,Albion Street South,,Monday,2015,4,November,47,984,0,984,0,0,0,984,0,9842015-11-23,9,Leeds,Albion Street North,,Monday,2015,4,November,47,748,0,748,0,0,0,748,0,7482015-11-23,10,Leeds,Briggate,,Monday,2015,4,November,47,1766,0,1766,0,0,0,1766,0,17662015-11-23,10,Leeds,"Briggate at McDonalds	",,Monday,2015,4,November,47,836,0,836,0,0,0,836,0,8362015-11-23,10,Leeds,Commercial Street at Sharps,,Monday,2015,4,November,47,1656,0,1656,0,0,0,1656,0,16562015-11-23,10,Leeds,Commercial Street at Barratts,,Monday,2015,4,November,47,849,0,849,0,0,0,849,0,8492015-11-23,10,Leeds,Headrow,,Monday,2015,4,November,47,1220,0,1220,0,0,0,1220,0,12202015-11-23,10,Leeds,"Dortmund Square	",,Monday,2015,4,November,47,1333,0,1333,0,0,0,1333,0,13332015-11-23,10,Leeds,Albion Street South,,Monday,2015,4,November,47,1358,0,1358,0,0,0,1358,0,13582015-11-23,10,Leeds,Albion Street North,,Monday,2015,4,November,47,881,0,881,0,0,0,881,0,8812015-11-23,11,Leeds,Briggate,,Monday,2015,4,November,47,2687,0,2687,0,0,0,2687,0,26872015-11-23,11,Leeds,"Briggate at McDonalds	",,Monday,2015,4,November,47,1171,0,1171,0,0,0,1171,0,11712015-11-23,11,Leeds,Commercial Street at Sharps,,Monday,2015,4,November,47,2351,0,2351,0,0,0,2351,0,23512015-11-23,11,Leeds,Commercial Street at Barratts,,Monday,2015,4,November,47,1240,0,1240,0,0,0,1240,0,12402015-11-23,11,Leeds,Headrow,,Monday,2015,4,November,47,1707,0,1707,0,0,0,1707,0,17072015-11-23,11,Leeds,"Dortmund Square	",,Monday,2015,4,November,47,1631,0,1631,0,0,0,1631,0,16312015-11-23,11,Leeds,Albion Street South,,Monday,2015,4,November,47,1991,0,1991,0,0,0,1991,0,19912015-11-23,11,Leeds,Albion Street North,,Monday,2015,4,November,47,1340,0,1340,0,0,0,1340,0,13402015-11-23,12,Leeds,Briggate,,Monday,2015,4,November,47,4373,0,4373,0,0,0,4373,0,43732015-11-23,12,Leeds,"Briggate at McDonalds	",,Monday,2015,4,November,47,1688,0,1688,0,0,0,1688,0,16882015-11-23,12,Leeds,Commercial Street at Sharps,,Monday,2015,4,November,47,2558,0,2558,0,0,0,2558,0,25582015-11-23,12,Leeds,Commercial Street at Barratts,,Monday,2015,4,November,47,2140,0,2140,0,0,0,2140,0,21402015-11-23,12,Leeds,Headrow,,Monday,2015,4,November,47,2510,0,2510,0,0,0,2510,0,25102015-11-23,12,Leeds,"Dortmund Square	",,Monday,2015,4,November,47,2833,0,2833,0,0,0,2833,0,28332015-11-23,12,Leeds,Albion Street South,,Monday,2015,4,November,47,3871,0,3871,0,0,0,3871,0,38712015-11-23,12,Leeds,Albion Street North,,Monday,2015,4,November,47,2412,0,2412,0,0,0,2412,0,24122015-11-23,13,Leeds,Briggate,,Monday,2015,4,November,47,4089,0,4089,0,0,0,4089,0,40892015-11-23,13,Leeds,"Briggate at McDonalds	",,Monday,2015,4,November,47,1661,0,1661,0,0,0,1661,0,16612015-11-23,13,Leeds,Commercial Street at Sharps,,Monday,2015,4,November,47,2761,0,2761,0,0,0,2761,0,27612015-11-23,13,Leeds,Commercial Street at Barratts,,Monday,2015,4,November,47,2028,0,2028,0,0,0,2028,0,20282015-11-23,13,Leeds,Headrow,,Monday,2015,4,November,47,2444,0,2444,0,0,0,2444,0,24442015-11-23,13,Leeds,"Dortmund Square	",,Monday,2015,4,November,47,2687,0,2687,0,0,0,2687,0,26872015-11-23,13,Leeds,Albion Street South,,Monday,2015,4,November,47,4406,0,4406,0,0,0,4406,0,44062015-11-23,13,Leeds,Albion Street North,,Monday,2015,4,November,47,2572,0,2572,0,0,0,2572,0,25722015-11-23,14,Leeds,Briggate,,Monday,2015,4,November,47,3201,0,3201,0,0,0,3201,0,32012015-11-23,14,Leeds,"Briggate at McDonalds	",,Monday,2015,4,November,47,1413,0,1413,0,0,0,1413,0,14132015-11-23,14,Leeds,Commercial Street at Sharps,,Monday,2015,4,November,47,3121,0,3121,0,0,0,3121,0,31212015-11-23,14,Leeds,Commercial Street at Barratts,,Monday,2015,4,November,47,1557,0,1557,0,0,0,1557,0,15572015-11-23,14,Leeds,Headrow,,Monday,2015,4,November,47,1910,0,1910,0,0,0,1910,0,19102015-11-23,14,Leeds,"Dortmund Square	",,Monday,2015,4,November,47,1989,0,1989,0,0,0,1989,0,19892015-11-23,14,Leeds,Albion Street South,,Monday,2015,4,November,47,3007,0,3007,0,0,0,3007,0,30072015-11-23,14,Leeds,Albion Street North,,Monday,2015,4,November,47,1895,0,1895,0,0,0,1895,0,18952015-11-23,15,Leeds,Briggate,,Monday,2015,4,November,47,2583,0,2583,0,0,0,2583,0,25832015-11-23,15,Leeds,"Briggate at McDonalds	",,Monday,2015,4,November,47,1289,0,1289,0,0,0,1289,0,12892015-11-23,15,Leeds,Commercial Street at Sharps,,Monday,2015,4,November,47,2362,0,2362,0,0,0,2362,0,23622015-11-23,15,Leeds,Commercial Street at Barratts,,Monday,2015,4,November,47,1156,0,1156,0,0,0,1156,0,11562015-11-23,15,Leeds,Headrow,,Monday,2015,4,November,47,1709,0,1709,0,0,0,1709,0,17092015-11-23,15,Leeds,"Dortmund Square	",,Monday,2015,4,November,47,2035,0,2035,0,0,0,2035,0,20352015-11-23,15,Leeds,Albion Street South,,Monday,2015,4,November,47,2338,0,2338,0,0,0,2338,0,23382015-11-23,15,Leeds,Albion Street North,,Monday,2015,4,November,47,1484,0,1484,0,0,0,1484,0,14842015-11-23,16,Leeds,Briggate,,Monday,2015,4,November,47,1106,0,1106,0,0,0,1106,0,11062015-11-23,16,Leeds,"Briggate at McDonalds	",,Monday,2015,4,November,47,1323,0,1323,0,0,0,1323,0,13232015-11-23,16,Leeds,Commercial Street at Sharps,,Monday,2015,4,November,47,2092,0,2092,0,0,0,2092,0,20922015-11-23,16,Leeds,Commercial Street at Barratts,,Monday,2015,4,November,47,1350,0,1350,0,0,0,1350,0,13502015-11-23,16,Leeds,Headrow,,Monday,2015,4,November,47,1120,0,1120,0,0,0,1120,0,11202015-11-23,16,Leeds,"Dortmund Square	",,Monday,2015,4,November,47,2114,0,2114,0,0,0,2114,0,21142015-11-23,16,Leeds,Albion Street South,,Monday,2015,4,November,47,2165,0,2165,0,0,0,2165,0,21652015-11-23,16,Leeds,Albion Street North,,Monday,2015,4,November,47,1122,0,1122,0,0,0,1122,0,11222015-11-23,17,Leeds,Briggate,,Monday,2015,4,November,47,1057,0,1057,0,0,0,1057,0,10572015-11-23,17,Leeds,"Briggate at McDonalds	",,Monday,2015,4,November,47,945,0,945,0,0,0,945,0,9452015-11-23,17,Leeds,Commercial Street at Sharps,,Monday,2015,4,November,47,1658,0,1658,0,0,0,1658,0,16582015-11-23,17,Leeds,Commercial Street at Barratts,,Monday,2015,4,November,47,1169,0,1169,0,0,0,1169,0,11692015-11-23,17,Leeds,Headrow,,Monday,2015,4,November,47,758,0,758,0,0,0,758,0,7582015-11-23,17,Leeds,"Dortmund Square	",,Monday,2015,4,November,47,2003,0,2003,0,0,0,2003,0,20032015-11-23,17,Leeds,Albion Street South,,Monday,2015,4,November,47,1917,0,1917,0,0,0,1917,0,19172015-11-23,17,Leeds,Albion Street North,,Monday,2015,4,November,47,1007,0,1007,0,0,0,1007,0,10072015-11-23,18,Leeds,Briggate,,Monday,2015,4,November,47,687,0,687,0,0,0,687,0,6872015-11-23,18,Leeds,"Briggate at McDonalds	",,Monday,2015,4,November,47,601,0,601,0,0,0,601,0,6012015-11-23,18,Leeds,Commercial Street at Sharps,,Monday,2015,4,November,47,853,0,853,0,0,0,853,0,8532015-11-23,18,Leeds,Commercial Street at Barratts,,Monday,2015,4,November,47,603,0,603,0,0,0,603,0,6032015-11-23,18,Leeds,Headrow,,Monday,2015,4,November,47,448,0,448,0,0,0,448,0,4482015-11-23,18,Leeds,"Dortmund Square	",,Monday,2015,4,November,47,1233,0,1233,0,0,0,1233,0,12332015-11-23,18,Leeds,Albion Street South,,Monday,2015,4,November,47,1085,0,1085,0,0,0,1085,0,10852015-11-23,18,Leeds,Albion Street North,,Monday,2015,4,November,47,508,0,508,0,0,0,508,0,5082015-11-23,19,Leeds,Briggate,,Monday,2015,4,November,47,398,0,398,0,0,0,398,0,3982015-11-23,19,Leeds,"Briggate at McDonalds	",,Monday,2015,4,November,47,390,0,390,0,0,0,390,0,3902015-11-23,19,Leeds,Commercial Street at Sharps,,Monday,2015,4,November,47,446,0,446,0,0,0,446,0,4462015-11-23,19,Leeds,Commercial Street at Barratts,,Monday,2015,4,November,47,267,0,267,0,0,0,267,0,2672015-11-23,19,Leeds,Headrow,,Monday,2015,4,November,47,219,0,219,0,0,0,219,0,2192015-11-23,19,Leeds,"Dortmund Square	",,Monday,2015,4,November,47,668,0,668,0,0,0,668,0,6682015-11-23,19,Leeds,Albion Street South,,Monday,2015,4,November,47,477,0,477,0,0,0,477,0,4772015-11-23,19,Leeds,Albion Street North,,Monday,2015,4,November,47,273,0,273,0,0,0,273,0,2732015-11-23,20,Leeds,Briggate,,Monday,2015,4,November,47,237,0,237,0,0,0,237,0,2372015-11-23,20,Leeds,"Briggate at McDonalds	",,Monday,2015,4,November,47,217,0,217,0,0,0,217,0,2172015-11-23,20,Leeds,Commercial Street at Sharps,,Monday,2015,4,November,47,238,0,238,0,0,0,238,0,2382015-11-23,20,Leeds,Commercial Street at Barratts,,Monday,2015,4,November,47,178,0,178,0,0,0,178,0,1782015-11-23,20,Leeds,Headrow,,Monday,2015,4,November,47,68,0,68,0,0,0,68,0,682015-11-23,20,Leeds,"Dortmund Square	",,Monday,2015,4,November,47,378,0,378,0,0,0,378,0,3782015-11-23,20,Leeds,Albion Street South,,Monday,2015,4,November,47,264,0,264,0,0,0,264,0,2642015-11-23,20,Leeds,Albion Street North,,Monday,2015,4,November,47,162,0,162,0,0,0,162,0,1622015-11-23,21,Leeds,Briggate,,Monday,2015,4,November,47,160,0,160,0,0,0,160,0,1602015-11-23,21,Leeds,"Briggate at McDonalds	",,Monday,2015,4,November,47,166,0,166,0,0,0,166,0,1662015-11-23,21,Leeds,Commercial Street at Sharps,,Monday,2015,4,November,47,161,0,161,0,0,0,161,0,1612015-11-23,21,Leeds,Commercial Street at Barratts,,Monday,2015,4,November,47,155,0,155,0,0,0,155,0,1552015-11-23,21,Leeds,Headrow,,Monday,2015,4,November,47,41,0,41,0,0,0,41,0,412015-11-23,21,Leeds,"Dortmund Square	",,Monday,2015,4,November,47,222,0,222,0,0,0,222,0,2222015-11-23,21,Leeds,Albion Street South,,Monday,2015,4,November,47,187,0,187,0,0,0,187,0,1872015-11-23,21,Leeds,Albion Street North,,Monday,2015,4,November,47,99,0,99,0,0,0,99,0,992015-11-23,22,Leeds,Briggate,,Monday,2015,4,November,47,200,0,200,0,0,0,200,0,2002015-11-23,22,Leeds,"Briggate at McDonalds	",,Monday,2015,4,November,47,180,0,180,0,0,0,180,0,1802015-11-23,22,Leeds,Commercial Street at Sharps,,Monday,2015,4,November,47,173,0,173,0,0,0,173,0,1732015-11-23,22,Leeds,Commercial Street at Barratts,,Monday,2015,4,November,47,107,0,107,0,0,0,107,0,1072015-11-23,22,Leeds,Headrow,,Monday,2015,4,November,47,46,0,46,0,0,0,46,0,462015-11-23,22,Leeds,"Dortmund Square	",,Monday,2015,4,November,47,210,0,210,0,0,0,210,0,2102015-11-23,22,Leeds,Albion Street South,,Monday,2015,4,November,47,238,0,238,0,0,0,238,0,2382015-11-23,22,Leeds,Albion Street North,,Monday,2015,4,November,47,49,0,49,0,0,0,49,0,492015-11-23,23,Leeds,Briggate,,Monday,2015,4,November,47,131,0,131,0,0,0,131,0,1312015-11-23,23,Leeds,"Briggate at McDonalds	",,Monday,2015,4,November,47,113,0,113,0,0,0,113,0,1132015-11-23,23,Leeds,Commercial Street at Sharps,,Monday,2015,4,November,47,82,0,82,0,0,0,82,0,822015-11-23,23,Leeds,Commercial Street at Barratts,,Monday,2015,4,November,47,38,0,38,0,0,0,38,0,382015-11-23,23,Leeds,Headrow,,Monday,2015,4,November,47,88,0,88,0,0,0,88,0,882015-11-23,23,Leeds,"Dortmund Square	",,Monday,2015,4,November,47,171,0,171,0,0,0,171,0,1712015-11-23,23,Leeds,Albion Street South,,Monday,2015,4,November,47,84,0,84,0,0,0,84,0,842015-11-23,23,Leeds,Albion Street North,,Monday,2015,4,November,47,41,0,41,0,0,0,41,0,412015-11-24,0,Leeds,Briggate,,Tuesday,2015,4,November,47,64,0,64,0,0,0,64,0,642015-11-24,0,Leeds,"Briggate at McDonalds	",,Tuesday,2015,4,November,47,55,0,55,0,0,0,55,0,552015-11-24,0,Leeds,Commercial Street at Sharps,,Tuesday,2015,4,November,47,49,0,49,0,0,0,49,0,492015-11-24,0,Leeds,Commercial Street at Barratts,,Tuesday,2015,4,November,47,0,0,0,0,0,0,0,0,02015-11-24,0,Leeds,Headrow,,Tuesday,2015,4,November,47,32,0,32,0,0,0,32,0,322015-11-24,0,Leeds,"Dortmund Square	",,Tuesday,2015,4,November,47,93,0,93,0,0,0,93,0,932015-11-24,0,Leeds,Albion Street South,,Tuesday,2015,4,November,47,34,0,34,0,0,0,34,0,342015-11-24,0,Leeds,Albion Street North,,Tuesday,2015,4,November,47,8,0,8,0,0,0,8,0,82015-11-24,1,Leeds,Briggate,,Tuesday,2015,4,November,47,27,0,27,0,0,0,27,0,272015-11-24,1,Leeds,"Briggate at McDonalds	",,Tuesday,2015,4,November,47,25,0,25,0,0,0,25,0,252015-11-24,1,Leeds,Commercial Street at Sharps,,Tuesday,2015,4,November,47,20,0,20,0,0,0,20,0,202015-11-24,1,Leeds,Commercial Street at Barratts,,Tuesday,2015,4,November,47,0,0,0,0,0,0,0,0,02015-11-24,1,Leeds,Headrow,,Tuesday,2015,4,November,47,18,0,18,0,0,0,18,0,182015-11-24,1,Leeds,"Dortmund Square	",,Tuesday,2015,4,November,47,48,0,48,0,0,0,48,0,482015-11-24,1,Leeds,Albion Street South,,Tuesday,2015,4,November,47,25,0,25,0,0,0,25,0,252015-11-24,1,Leeds,Albion Street North,,Tuesday,2015,4,November,47,5,0,5,0,0,0,5,0,52015-11-24,2,Leeds,Briggate,,Tuesday,2015,4,November,47,70,0,70,0,0,0,70,0,702015-11-24,2,Leeds,"Briggate at McDonalds	",,Tuesday,2015,4,November,47,40,0,40,0,0,0,40,0,402015-11-24,2,Leeds,Commercial Street at Sharps,,Tuesday,2015,4,November,47,21,0,21,0,0,0,21,0,212015-11-24,2,Leeds,Commercial Street at Barratts,,Tuesday,2015,4,November,47,0,0,0,0,0,0,0,0,02015-11-24,2,Leeds,Headrow,,Tuesday,2015,4,November,47,16,0,16,0,0,0,16,0,162015-11-24,2,Leeds,"Dortmund Square	",,Tuesday,2015,4,November,47,63,0,63,0,0,0,63,0,632015-11-24,2,Leeds,Albion Street South,,Tuesday,2015,4,November,47,19,0,19,0,0,0,19,0,192015-11-24,2,Leeds,Albion Street North,,Tuesday,2015,4,November,47,5,0,5,0,0,0,5,0,52015-11-24,3,Leeds,Briggate,,Tuesday,2015,4,November,47,62,0,62,0,0,0,62,0,622015-11-24,3,Leeds,"Briggate at McDonalds	",,Tuesday,2015,4,November,47,60,0,60,0,0,0,60,0,602015-11-24,3,Leeds,Commercial Street at Sharps,,Tuesday,2015,4,November,47,22,0,22,0,0,0,22,0,222015-11-24,3,Leeds,Commercial Street at Barratts,,Tuesday,2015,4,November,47,0,0,0,0,0,0,0,0,02015-11-24,3,Leeds,Headrow,,Tuesday,2015,4,November,47,50,0,50,0,0,0,50,0,502015-11-24,3,Leeds,"Dortmund Square	",,Tuesday,2015,4,November,47,54,0,54,0,0,0,54,0,542015-11-24,3,Leeds,Albion Street South,,Tuesday,2015,4,November,47,18,0,18,0,0,0,18,0,182015-11-24,3,Leeds,Albion Street North,,Tuesday,2015,4,November,47,9,0,9,0,0,0,9,0,92015-11-24,4,Leeds,Briggate,,Tuesday,2015,4,November,47,65,0,65,0,0,0,65,0,652015-11-24,4,Leeds,"Briggate at McDonalds	",,Tuesday,2015,4,November,47,25,0,25,0,0,0,25,0,252015-11-24,4,Leeds,Commercial Street at Sharps,,Tuesday,2015,4,November,47,34,0,34,0,0,0,34,0,342015-11-24,4,Leeds,Commercial Street at Barratts,,Tuesday,2015,4,November,47,0,0,0,0,0,0,0,0,02015-11-24,4,Leeds,Headrow,,Tuesday,2015,4,November,47,25,0,25,0,0,0,25,0,252015-11-24,4,Leeds,"Dortmund Square	",,Tuesday,2015,4,November,47,29,0,29,0,0,0,29,0,292015-11-24,4,Leeds,Albion Street South,,Tuesday,2015,4,November,47,44,0,44,0,0,0,44,0,442015-11-24,4,Leeds,Albion Street North,,Tuesday,2015,4,November,47,19,0,19,0,0,0,19,0,192015-11-24,5,Leeds,Briggate,,Tuesday,2015,4,November,47,36,0,36,0,0,0,36,0,362015-11-24,5,Leeds,"Briggate at McDonalds	",,Tuesday,2015,4,November,47,62,0,62,0,0,0,62,0,622015-11-24,5,Leeds,Commercial Street at Sharps,,Tuesday,2015,4,November,47,40,0,40,0,0,0,40,0,402015-11-24,5,Leeds,Commercial Street at Barratts,,Tuesday,2015,4,November,47,0,0,0,0,0,0,0,0,02015-11-24,5,Leeds,Headrow,,Tuesday,2015,4,November,47,22,0,22,0,0,0,22,0,222015-11-24,5,Leeds,"Dortmund Square	",,Tuesday,2015,4,November,47,28,0,28,0,0,0,28,0,282015-11-24,5,Leeds,Albion Street South,,Tuesday,2015,4,November,47,112,0,112,0,0,0,112,0,1122015-11-24,5,Leeds,Albion Street North,,Tuesday,2015,4,November,47,28,0,28,0,0,0,28,0,282015-11-24,6,Leeds,Briggate,,Tuesday,2015,4,November,47,104,0,104,0,0,0,104,0,1042015-11-24,6,Leeds,"Briggate at McDonalds	",,Tuesday,2015,4,November,47,180,0,180,0,0,0,180,0,1802015-11-24,6,Leeds,Commercial Street at Sharps,,Tuesday,2015,4,November,47,111,0,111,0,0,0,111,0,1112015-11-24,6,Leeds,Commercial Street at Barratts,,Tuesday,2015,4,November,47,70,0,70,0,0,0,70,0,702015-11-24,6,Leeds,Headrow,,Tuesday,2015,4,November,47,89,0,89,0,0,0,89,0,892015-11-24,6,Leeds,"Dortmund Square	",,Tuesday,2015,4,November,47,134,0,134,0,0,0,134,0,1342015-11-24,6,Leeds,Albion Street South,,Tuesday,2015,4,November,47,92,0,92,0,0,0,92,0,922015-11-24,6,Leeds,Albion Street North,,Tuesday,2015,4,November,47,27,0,27,0,0,0,27,0,272015-11-24,7,Leeds,Briggate,,Tuesday,2015,4,November,47,249,0,249,0,0,0,249,0,2492015-11-24,7,Leeds,"Briggate at McDonalds	",,Tuesday,2015,4,November,47,292,0,292,0,0,0,292,0,2922015-11-24,7,Leeds,Commercial Street at Sharps,,Tuesday,2015,4,November,47,311,0,311,0,0,0,311,0,3112015-11-24,7,Leeds,Commercial Street at Barratts,,Tuesday,2015,4,November,47,286,0,286,0,0,0,286,0,2862015-11-24,7,Leeds,Headrow,,Tuesday,2015,4,November,47,239,0,239,0,0,0,239,0,2392015-11-24,7,Leeds,"Dortmund Square	",,Tuesday,2015,4,November,47,452,0,452,0,0,0,452,0,4522015-11-24,7,Leeds,Albion Street South,,Tuesday,2015,4,November,47,282,0,282,0,0,0,282,0,2822015-11-24,7,Leeds,Albion Street North,,Tuesday,2015,4,November,47,116,0,116,0,0,0,116,0,1162015-11-24,8,Leeds,Briggate,,Tuesday,2015,4,November,47,975,0,975,0,0,0,975,0,9752015-11-24,8,Leeds,"Briggate at McDonalds	",,Tuesday,2015,4,November,47,622,0,622,0,0,0,622,0,6222015-11-24,8,Leeds,Commercial Street at Sharps,,Tuesday,2015,4,November,47,668,0,668,0,0,0,668,0,6682015-11-24,8,Leeds,Commercial Street at Barratts,,Tuesday,2015,4,November,47,705,0,705,0,0,0,705,0,7052015-11-24,8,Leeds,Headrow,,Tuesday,2015,4,November,47,606,0,606,0,0,0,606,0,6062015-11-24,8,Leeds,"Dortmund Square	",,Tuesday,2015,4,November,47,1189,0,1189,0,0,0,1189,0,11892015-11-24,8,Leeds,Albion Street South,,Tuesday,2015,4,November,47,1045,0,1045,0,0,0,1045,0,10452015-11-24,8,Leeds,Albion Street North,,Tuesday,2015,4,November,47,657,0,657,0,0,0,657,0,6572015-11-24,9,Leeds,Briggate,,Tuesday,2015,4,November,47,1115,0,1115,0,0,0,1115,0,11152015-11-24,9,Leeds,"Briggate at McDonalds	",,Tuesday,2015,4,November,47,637,0,637,0,0,0,637,0,6372015-11-24,9,Leeds,Commercial Street at Sharps,,Tuesday,2015,4,November,47,964,0,964,0,0,0,964,0,9642015-11-24,9,Leeds,Commercial Street at Barratts,,Tuesday,2015,4,November,47,661,0,661,0,0,0,661,0,6612015-11-24,9,Leeds,Headrow,,Tuesday,2015,4,November,47,778,0,778,0,0,0,778,0,7782015-11-24,9,Leeds,"Dortmund Square	",,Tuesday,2015,4,November,47,1138,0,1138,0,0,0,1138,0,11382015-11-24,9,Leeds,Albion Street South,,Tuesday,2015,4,November,47,1074,0,1074,0,0,0,1074,0,10742015-11-24,9,Leeds,Albion Street North,,Tuesday,2015,4,November,47,681,0,681,0,0,0,681,0,6812015-11-24,10,Leeds,Briggate,,Tuesday,2015,4,November,47,1743,0,1743,0,0,0,1743,0,17432015-11-24,10,Leeds,"Briggate at McDonalds	",,Tuesday,2015,4,November,47,796,0,796,0,0,0,796,0,7962015-11-24,10,Leeds,Commercial Street at Sharps,,Tuesday,2015,4,November,47,1566,0,1566,0,0,0,1566,0,15662015-11-24,10,Leeds,Commercial Street at Barratts,,Tuesday,2015,4,November,47,850,0,850,0,0,0,850,0,8502015-11-24,10,Leeds,Headrow,,Tuesday,2015,4,November,47,1143,0,1143,0,0,0,1143,0,11432015-11-24,10,Leeds,"Dortmund Square	",,Tuesday,2015,4,November,47,1289,0,1289,0,0,0,1289,0,12892015-11-24,10,Leeds,Albion Street South,,Tuesday,2015,4,November,47,1243,0,1243,0,0,0,1243,0,12432015-11-24,10,Leeds,Albion Street North,,Tuesday,2015,4,November,47,727,0,727,0,0,0,727,0,7272015-11-24,11,Leeds,Briggate,,Tuesday,2015,4,November,47,2550,0,2550,0,0,0,2550,0,25502015-11-24,11,Leeds,"Briggate at McDonalds	",,Tuesday,2015,4,November,47,1071,0,1071,0,0,0,1071,0,10712015-11-24,11,Leeds,Commercial Street at Sharps,,Tuesday,2015,4,November,47,2178,0,2178,0,0,0,2178,0,21782015-11-24,11,Leeds,Commercial Street at Barratts,,Tuesday,2015,4,November,47,1228,0,1228,0,0,0,1228,0,12282015-11-24,11,Leeds,Headrow,,Tuesday,2015,4,November,47,1655,0,1655,0,0,0,1655,0,16552015-11-24,11,Leeds,"Dortmund Square	",,Tuesday,2015,4,November,47,1649,0,1649,0,0,0,1649,0,16492015-11-24,11,Leeds,Albion Street South,,Tuesday,2015,4,November,47,1732,0,1732,0,0,0,1732,0,17322015-11-24,11,Leeds,Albion Street North,,Tuesday,2015,4,November,47,860,0,860,0,0,0,860,0,8602015-11-24,12,Leeds,Briggate,,Tuesday,2015,4,November,47,4242,0,4242,0,0,0,4242,0,42422015-11-24,12,Leeds,"Briggate at McDonalds	",,Tuesday,2015,4,November,47,1599,0,1599,0,0,0,1599,0,15992015-11-24,12,Leeds,Commercial Street at Sharps,,Tuesday,2015,4,November,47,2916,0,2916,0,0,0,2916,0,29162015-11-24,12,Leeds,Commercial Street at Barratts,,Tuesday,2015,4,November,47,2271,0,2271,0,0,0,2271,0,22712015-11-24,12,Leeds,Headrow,,Tuesday,2015,4,November,47,2330,0,2330,0,0,0,2330,0,23302015-11-24,12,Leeds,"Dortmund Square	",,Tuesday,2015,4,November,47,2636,0,2636,0,0,0,2636,0,26362015-11-24,12,Leeds,Albion Street South,,Tuesday,2015,4,November,47,3329,0,3329,0,0,0,3329,0,33292015-11-24,12,Leeds,Albion Street North,,Tuesday,2015,4,November,47,1265,0,1265,0,0,0,1265,0,12652015-11-24,13,Leeds,Briggate,,Tuesday,2015,4,November,47,3622,0,3622,0,0,0,3622,0,36222015-11-24,13,Leeds,"Briggate at McDonalds	",,Tuesday,2015,4,November,47,1598,0,1598,0,0,0,1598,0,15982015-11-24,13,Leeds,Commercial Street at Sharps,,Tuesday,2015,4,November,47,3223,0,3223,0,0,0,3223,0,32232015-11-24,13,Leeds,Commercial Street at Barratts,,Tuesday,2015,4,November,47,2224,0,2224,0,0,0,2224,0,22242015-11-24,13,Leeds,Headrow,,Tuesday,2015,4,November,47,2359,0,2359,0,0,0,2359,0,23592015-11-24,13,Leeds,"Dortmund Square	",,Tuesday,2015,4,November,47,2606,0,2606,0,0,0,2606,0,26062015-11-24,13,Leeds,Albion Street South,,Tuesday,2015,4,November,47,4146,0,4146,0,0,0,4146,0,41462015-11-24,13,Leeds,Albion Street North,,Tuesday,2015,4,November,47,1626,0,1626,0,0,0,1626,0,16262015-11-24,14,Leeds,Briggate,,Tuesday,2015,4,November,47,3064,0,3064,0,0,0,3064,0,30642015-11-24,14,Leeds,"Briggate at McDonalds	",,Tuesday,2015,4,November,47,1372,0,1372,0,0,0,1372,0,13722015-11-24,14,Leeds,Commercial Street at Sharps,,Tuesday,2015,4,November,47,2903,0,2903,0,0,0,2903,0,29032015-11-24,14,Leeds,Commercial Street at Barratts,,Tuesday,2015,4,November,47,1636,0,1636,0,0,0,1636,0,16362015-11-24,14,Leeds,Headrow,,Tuesday,2015,4,November,47,1917,0,1917,0,0,0,1917,0,19172015-11-24,14,Leeds,"Dortmund Square	",,Tuesday,2015,4,November,47,2061,0,2061,0,0,0,2061,0,20612015-11-24,14,Leeds,Albion Street South,,Tuesday,2015,4,November,47,2804,0,2804,0,0,0,2804,0,28042015-11-24,14,Leeds,Albion Street North,,Tuesday,2015,4,November,47,1283,0,1283,0,0,0,1283,0,12832015-11-24,15,Leeds,Briggate,,Tuesday,2015,4,November,47,2792,0,2792,0,0,0,2792,0,27922015-11-24,15,Leeds,"Briggate at McDonalds	",,Tuesday,2015,4,November,47,1341,0,1341,0,0,0,1341,0,13412015-11-24,15,Leeds,Commercial Street at Sharps,,Tuesday,2015,4,November,47,2500,0,2500,0,0,0,2500,0,25002015-11-24,15,Leeds,Commercial Street at Barratts,,Tuesday,2015,4,November,47,1325,0,1325,0,0,0,1325,0,13252015-11-24,15,Leeds,Headrow,,Tuesday,2015,4,November,47,1801,0,1801,0,0,0,1801,0,18012015-11-24,15,Leeds,"Dortmund Square	",,Tuesday,2015,4,November,47,1995,0,1995,0,0,0,1995,0,19952015-11-24,15,Leeds,Albion Street South,,Tuesday,2015,4,November,47,2234,0,2234,0,0,0,2234,0,22342015-11-24,15,Leeds,Albion Street North,,Tuesday,2015,4,November,47,1322,0,1322,0,0,0,1322,0,13222015-11-24,16,Leeds,Briggate,,Tuesday,2015,4,November,47,1224,0,1224,0,0,0,1224,0,12242015-11-24,16,Leeds,"Briggate at McDonalds	",,Tuesday,2015,4,November,47,1376,0,1376,0,0,0,1376,0,13762015-11-24,16,Leeds,Commercial Street at Sharps,,Tuesday,2015,4,November,47,2376,0,2376,0,0,0,2376,0,23762015-11-24,16,Leeds,Commercial Street at Barratts,,Tuesday,2015,4,November,47,1298,0,1298,0,0,0,1298,0,12982015-11-24,16,Leeds,Headrow,,Tuesday,2015,4,November,47,1018,0,1018,0,0,0,1018,0,10182015-11-24,16,Leeds,"Dortmund Square	",,Tuesday,2015,4,November,47,2313,0,2313,0,0,0,2313,0,23132015-11-24,16,Leeds,Albion Street South,,Tuesday,2015,4,November,47,2288,0,2288,0,0,0,2288,0,22882015-11-24,16,Leeds,Albion Street North,,Tuesday,2015,4,November,47,946,0,946,0,0,0,946,0,9462015-11-24,17,Leeds,Briggate,,Tuesday,2015,4,November,47,1234,0,1234,0,0,0,1234,0,12342015-11-24,17,Leeds,"Briggate at McDonalds	",,Tuesday,2015,4,November,47,1213,0,1213,0,0,0,1213,0,12132015-11-24,17,Leeds,Commercial Street at Sharps,,Tuesday,2015,4,November,47,2141,0,2141,0,0,0,2141,0,21412015-11-24,17,Leeds,Commercial Street at Barratts,,Tuesday,2015,4,November,47,1320,0,1320,0,0,0,1320,0,13202015-11-24,17,Leeds,Headrow,,Tuesday,2015,4,November,47,528,0,528,0,0,0,528,0,5282015-11-24,17,Leeds,"Dortmund Square	",,Tuesday,2015,4,November,47,2083,0,2083,0,0,0,2083,0,20832015-11-24,17,Leeds,Albion Street South,,Tuesday,2015,4,November,47,2446,0,2446,0,0,0,2446,0,24462015-11-24,17,Leeds,Albion Street North,,Tuesday,2015,4,November,47,869,0,869,0,0,0,869,0,8692015-11-24,18,Leeds,Briggate,,Tuesday,2015,4,November,47,792,0,792,0,0,0,792,0,7922015-11-24,18,Leeds,"Briggate at McDonalds	",,Tuesday,2015,4,November,47,739,0,739,0,0,0,739,0,7392015-11-24,18,Leeds,Commercial Street at Sharps,,Tuesday,2015,4,November,47,1033,0,1033,0,0,0,1033,0,10332015-11-24,18,Leeds,Commercial Street at Barratts,,Tuesday,2015,4,November,47,1042,0,1042,0,0,0,1042,0,10422015-11-24,18,Leeds,Headrow,,Tuesday,2015,4,November,47,267,0,267,0,0,0,267,0,2672015-11-24,18,Leeds,"Dortmund Square	",,Tuesday,2015,4,November,47,1249,0,1249,0,0,0,1249,0,12492015-11-24,18,Leeds,Albion Street South,,Tuesday,2015,4,November,47,1236,0,1236,0,0,0,1236,0,12362015-11-24,18,Leeds,Albion Street North,,Tuesday,2015,4,November,47,401,0,401,0,0,0,401,0,4012015-11-24,19,Leeds,Briggate,,Tuesday,2015,4,November,47,419,0,419,0,0,0,419,0,4192015-11-24,19,Leeds,"Briggate at McDonalds	",,Tuesday,2015,4,November,47,499,0,499,0,0,0,499,0,4992015-11-24,19,Leeds,Commercial Street at Sharps,,Tuesday,2015,4,November,47,549,0,549,0,0,0,549,0,5492015-11-24,19,Leeds,Commercial Street at Barratts,,Tuesday,2015,4,November,47,304,0,304,0,0,0,304,0,3042015-11-24,19,Leeds,Headrow,,Tuesday,2015,4,November,47,134,0,134,0,0,0,134,0,1342015-11-24,19,Leeds,"Dortmund Square	",,Tuesday,2015,4,November,47,839,0,839,0,0,0,839,0,8392015-11-24,19,Leeds,Albion Street South,,Tuesday,2015,4,November,47,727,0,727,0,0,0,727,0,7272015-11-24,19,Leeds,Albion Street North,,Tuesday,2015,4,November,47,259,0,259,0,0,0,259,0,2592015-11-24,20,Leeds,Briggate,,Tuesday,2015,4,November,47,274,0,274,0,0,0,274,0,2742015-11-24,20,Leeds,"Briggate at McDonalds	",,Tuesday,2015,4,November,47,350,0,350,0,0,0,350,0,3502015-11-24,20,Leeds,Commercial Street at Sharps,,Tuesday,2015,4,November,47,245,0,245,0,0,0,245,0,2452015-11-24,20,Leeds,Commercial Street at Barratts,,Tuesday,2015,4,November,47,176,0,176,0,0,0,176,0,1762015-11-24,20,Leeds,Headrow,,Tuesday,2015,4,November,47,40,0,40,0,0,0,40,0,402015-11-24,20,Leeds,"Dortmund Square	",,Tuesday,2015,4,November,47,446,0,446,0,0,0,446,0,4462015-11-24,20,Leeds,Albion Street South,,Tuesday,2015,4,November,47,377,0,377,0,0,0,377,0,3772015-11-24,20,Leeds,Albion Street North,,Tuesday,2015,4,November,47,145,0,145,0,0,0,145,0,1452015-11-24,21,Leeds,Briggate,,Tuesday,2015,4,November,47,226,0,226,0,0,0,226,0,2262015-11-24,21,Leeds,"Briggate at McDonalds	",,Tuesday,2015,4,November,47,199,0,199,0,0,0,199,0,1992015-11-24,21,Leeds,Commercial Street at Sharps,,Tuesday,2015,4,November,47,172,0,172,0,0,0,172,0,1722015-11-24,21,Leeds,Commercial Street at Barratts,,Tuesday,2015,4,November,47,119,0,119,0,0,0,119,0,1192015-11-24,21,Leeds,Headrow,,Tuesday,2015,4,November,47,21,0,21,0,0,0,21,0,212015-11-24,21,Leeds,"Dortmund Square	",,Tuesday,2015,4,November,47,302,0,302,0,0,0,302,0,3022015-11-24,21,Leeds,Albion Street South,,Tuesday,2015,4,November,47,195,0,195,0,0,0,195,0,1952015-11-24,21,Leeds,Albion Street North,,Tuesday,2015,4,November,47,93,0,93,0,0,0,93,0,932015-11-24,22,Leeds,Briggate,,Tuesday,2015,4,November,47,226,0,226,0,0,0,226,0,2262015-11-24,22,Leeds,"Briggate at McDonalds	",,Tuesday,2015,4,November,47,225,0,225,0,0,0,225,0,2252015-11-24,22,Leeds,Commercial Street at Sharps,,Tuesday,2015,4,November,47,151,0,151,0,0,0,151,0,1512015-11-24,22,Leeds,Commercial Street at Barratts,,Tuesday,2015,4,November,47,53,0,53,0,0,0,53,0,532015-11-24,22,Leeds,Headrow,,Tuesday,2015,4,November,47,37,0,37,0,0,0,37,0,372015-11-24,22,Leeds,"Dortmund Square	",,Tuesday,2015,4,November,47,228,0,228,0,0,0,228,0,2282015-11-24,22,Leeds,Albion Street South,,Tuesday,2015,4,November,47,167,0,167,0,0,0,167,0,1672015-11-24,22,Leeds,Albion Street North,,Tuesday,2015,4,November,47,47,0,47,0,0,0,47,0,472015-11-24,23,Leeds,Briggate,,Tuesday,2015,4,November,47,149,0,149,0,0,0,149,0,1492015-11-24,23,Leeds,"Briggate at McDonalds	",,Tuesday,2015,4,November,47,146,0,146,0,0,0,146,0,1462015-11-24,23,Leeds,Commercial Street at Sharps,,Tuesday,2015,4,November,47,128,0,128,0,0,0,128,0,1282015-11-24,23,Leeds,Commercial Street at Barratts,,Tuesday,2015,4,November,47,70,0,70,0,0,0,70,0,702015-11-24,23,Leeds,Headrow,,Tuesday,2015,4,November,47,137,0,137,0,0,0,137,0,1372015-11-24,23,Leeds,"Dortmund Square	",,Tuesday,2015,4,November,47,157,0,157,0,0,0,157,0,1572015-11-24,23,Leeds,Albion Street South,,Tuesday,2015,4,November,47,103,0,103,0,0,0,103,0,1032015-11-24,23,Leeds,Albion Street North,,Tuesday,2015,4,November,47,50,0,50,0,0,0,50,0,502015-11-25,0,Leeds,Briggate,,Wednesday,2015,4,November,47,146,0,146,0,0,0,146,0,1462015-11-25,0,Leeds,"Briggate at McDonalds	",,Wednesday,2015,4,November,47,80,0,80,0,0,0,80,0,802015-11-25,0,Leeds,Commercial Street at Sharps,,Wednesday,2015,4,November,47,95,0,95,0,0,0,95,0,952015-11-25,0,Leeds,Commercial Street at Barratts,,Wednesday,2015,4,November,47,7,0,7,0,0,0,7,0,72015-11-25,0,Leeds,Headrow,,Wednesday,2015,4,November,47,71,0,71,0,0,0,71,0,712015-11-25,0,Leeds,"Dortmund Square	",,Wednesday,2015,4,November,47,80,0,80,0,0,0,80,0,802015-11-25,0,Leeds,Albion Street South,,Wednesday,2015,4,November,47,55,0,55,0,0,0,55,0,552015-11-25,0,Leeds,Albion Street North,,Wednesday,2015,4,November,47,25,0,25,0,0,0,25,0,252015-11-25,1,Leeds,Briggate,,Wednesday,2015,4,November,47,141,0,141,0,0,0,141,0,1412015-11-25,1,Leeds,"Briggate at McDonalds	",,Wednesday,2015,4,November,47,67,0,67,0,0,0,67,0,672015-11-25,1,Leeds,Commercial Street at Sharps,,Wednesday,2015,4,November,47,50,0,50,0,0,0,50,0,502015-11-25,1,Leeds,Commercial Street at Barratts,,Wednesday,2015,4,November,47,4,0,4,0,0,0,4,0,42015-11-25,1,Leeds,Headrow,,Wednesday,2015,4,November,47,48,0,48,0,0,0,48,0,482015-11-25,1,Leeds,"Dortmund Square	",,Wednesday,2015,4,November,47,36,0,36,0,0,0,36,0,362015-11-25,1,Leeds,Albion Street South,,Wednesday,2015,4,November,47,21,0,21,0,0,0,21,0,212015-11-25,1,Leeds,Albion Street North,,Wednesday,2015,4,November,47,12,0,12,0,0,0,12,0,122015-11-25,2,Leeds,Briggate,,Wednesday,2015,4,November,47,138,0,138,0,0,0,138,0,1382015-11-25,2,Leeds,"Briggate at McDonalds	",,Wednesday,2015,4,November,47,60,0,60,0,0,0,60,0,602015-11-25,2,Leeds,Commercial Street at Sharps,,Wednesday,2015,4,November,47,47,0,47,0,0,0,47,0,472015-11-25,2,Leeds,Commercial Street at Barratts,,Wednesday,2015,4,November,47,0,0,0,0,0,0,0,0,02015-11-25,2,Leeds,Headrow,,Wednesday,2015,4,November,47,28,0,28,0,0,0,28,0,282015-11-25,2,Leeds,"Dortmund Square	",,Wednesday,2015,4,November,47,77,0,77,0,0,0,77,0,772015-11-25,2,Leeds,Albion Street South,,Wednesday,2015,4,November,47,58,0,58,0,0,0,58,0,582015-11-25,2,Leeds,Albion Street North,,Wednesday,2015,4,November,47,33,0,33,0,0,0,33,0,332015-11-25,3,Leeds,Briggate,,Wednesday,2015,4,November,47,175,0,175,0,0,0,175,0,1752015-11-25,3,Leeds,"Briggate at McDonalds	",,Wednesday,2015,4,November,47,90,0,90,0,0,0,90,0,902015-11-25,3,Leeds,Commercial Street at Sharps,,Wednesday,2015,4,November,47,49,0,49,0,0,0,49,0,492015-11-25,3,Leeds,Commercial Street at Barratts,,Wednesday,2015,4,November,47,23,0,23,0,0,0,23,0,232015-11-25,3,Leeds,Headrow,,Wednesday,2015,4,November,47,48,0,48,0,0,0,48,0,482015-11-25,3,Leeds,"Dortmund Square	",,Wednesday,2015,4,November,47,99,0,99,0,0,0,99,0,992015-11-25,3,Leeds,Albion Street South,,Wednesday,2015,4,November,47,32,0,32,0,0,0,32,0,322015-11-25,3,Leeds,Albion Street North,,Wednesday,2015,4,November,47,19,0,19,0,0,0,19,0,192015-11-25,4,Leeds,Briggate,,Wednesday,2015,4,November,47,84,0,84,0,0,0,84,0,842015-11-25,4,Leeds,"Briggate at McDonalds	",,Wednesday,2015,4,November,47,70,0,70,0,0,0,70,0,702015-11-25,4,Leeds,Commercial Street at Sharps,,Wednesday,2015,4,November,47,44,0,44,0,0,0,44,0,442015-11-25,4,Leeds,Commercial Street at Barratts,,Wednesday,2015,4,November,47,6,0,6,0,0,0,6,0,62015-11-25,4,Leeds,Headrow,,Wednesday,2015,4,November,47,29,0,29,0,0,0,29,0,292015-11-25,4,Leeds,"Dortmund Square	",,Wednesday,2015,4,November,47,62,0,62,0,0,0,62,0,622015-11-25,4,Leeds,Albion Street South,,Wednesday,2015,4,November,47,21,0,21,0,0,0,21,0,212015-11-25,4,Leeds,Albion Street North,,Wednesday,2015,4,November,47,24,0,24,0,0,0,24,0,242015-11-25,5,Leeds,Briggate,,Wednesday,2015,4,November,47,49,0,49,0,0,0,49,0,492015-11-25,5,Leeds,"Briggate at McDonalds	",,Wednesday,2015,4,November,47,108,0,108,0,0,0,108,0,1082015-11-25,5,Leeds,Commercial Street at Sharps,,Wednesday,2015,4,November,47,41,0,41,0,0,0,41,0,412015-11-25,5,Leeds,Commercial Street at Barratts,,Wednesday,2015,4,November,47,20,0,20,0,0,0,20,0,202015-11-25,5,Leeds,Headrow,,Wednesday,2015,4,November,47,27,0,27,0,0,0,27,0,272015-11-25,5,Leeds,"Dortmund Square	",,Wednesday,2015,4,November,47,49,0,49,0,0,0,49,0,492015-11-25,5,Leeds,Albion Street South,,Wednesday,2015,4,November,47,100,0,100,0,0,0,100,0,1002015-11-25,5,Leeds,Albion Street North,,Wednesday,2015,4,November,47,43,0,43,0,0,0,43,0,432015-11-25,6,Leeds,Briggate,,Wednesday,2015,4,November,47,163,0,163,0,0,0,163,0,1632015-11-25,6,Leeds,"Briggate at McDonalds	",,Wednesday,2015,4,November,47,153,0,153,0,0,0,153,0,1532015-11-25,6,Leeds,Commercial Street at Sharps,,Wednesday,2015,4,November,47,118,0,118,0,0,0,118,0,1182015-11-25,6,Leeds,Commercial Street at Barratts,,Wednesday,2015,4,November,47,80,0,80,0,0,0,80,0,802015-11-25,6,Leeds,Headrow,,Wednesday,2015,4,November,47,91,0,91,0,0,0,91,0,912015-11-25,6,Leeds,"Dortmund Square	",,Wednesday,2015,4,November,47,117,0,117,0,0,0,117,0,1172015-11-25,6,Leeds,Albion Street South,,Wednesday,2015,4,November,47,110,0,110,0,0,0,110,0,1102015-11-25,6,Leeds,Albion Street North,,Wednesday,2015,4,November,47,48,0,48,0,0,0,48,0,482015-11-25,7,Leeds,Briggate,,Wednesday,2015,4,November,47,351,0,351,0,0,0,351,0,3512015-11-25,7,Leeds,"Briggate at McDonalds	",,Wednesday,2015,4,November,47,276,0,276,0,0,0,276,0,2762015-11-25,7,Leeds,Commercial Street at Sharps,,Wednesday,2015,4,November,47,302,0,302,0,0,0,302,0,3022015-11-25,7,Leeds,Commercial Street at Barratts,,Wednesday,2015,4,November,47,200,0,200,0,0,0,200,0,2002015-11-25,7,Leeds,Headrow,,Wednesday,2015,4,November,47,267,0,267,0,0,0,267,0,2672015-11-25,7,Leeds,"Dortmund Square	",,Wednesday,2015,4,November,47,469,0,469,0,0,0,469,0,4692015-11-25,7,Leeds,Albion Street South,,Wednesday,2015,4,November,47,430,0,430,0,0,0,430,0,4302015-11-25,7,Leeds,Albion Street North,,Wednesday,2015,4,November,47,239,0,239,0,0,0,239,0,2392015-11-25,8,Leeds,Briggate,,Wednesday,2015,4,November,47,1065,0,1065,0,0,0,1065,0,10652015-11-25,8,Leeds,"Briggate at McDonalds	",,Wednesday,2015,4,November,47,603,0,603,0,0,0,603,0,6032015-11-25,8,Leeds,Commercial Street at Sharps,,Wednesday,2015,4,November,47,994,0,994,0,0,0,994,0,9942015-11-25,8,Leeds,Commercial Street at Barratts,,Wednesday,2015,4,November,47,520,0,520,0,0,0,520,0,5202015-11-25,8,Leeds,Headrow,,Wednesday,2015,4,November,47,605,0,605,0,0,0,605,0,6052015-11-25,8,Leeds,"Dortmund Square	",,Wednesday,2015,4,November,47,1173,0,1173,0,0,0,1173,0,11732015-11-25,8,Leeds,Albion Street South,,Wednesday,2015,4,November,47,1311,0,1311,0,0,0,1311,0,13112015-11-25,8,Leeds,Albion Street North,,Wednesday,2015,4,November,47,922,0,922,0,0,0,922,0,9222015-11-25,9,Leeds,Briggate,,Wednesday,2015,4,November,47,1180,0,1180,0,0,0,1180,0,11802015-11-25,9,Leeds,"Briggate at McDonalds	",,Wednesday,2015,4,November,47,654,0,654,0,0,0,654,0,6542015-11-25,9,Leeds,Commercial Street at Sharps,,Wednesday,2015,4,November,47,1003,0,1003,0,0,0,1003,0,10032015-11-25,9,Leeds,Commercial Street at Barratts,,Wednesday,2015,4,November,47,565,0,565,0,0,0,565,0,5652015-11-25,9,Leeds,Headrow,,Wednesday,2015,4,November,47,798,0,798,0,0,0,798,0,7982015-11-25,9,Leeds,"Dortmund Square	",,Wednesday,2015,4,November,47,1042,0,1042,0,0,0,1042,0,10422015-11-25,9,Leeds,Albion Street South,,Wednesday,2015,4,November,47,1009,0,1009,0,0,0,1009,0,10092015-11-25,9,Leeds,Albion Street North,,Wednesday,2015,4,November,47,755,0,755,0,0,0,755,0,7552015-11-25,10,Leeds,Briggate,,Wednesday,2015,4,November,47,1726,0,1726,0,0,0,1726,0,17262015-11-25,10,Leeds,"Briggate at McDonalds	",,Wednesday,2015,4,November,47,785,0,785,0,0,0,785,0,7852015-11-25,10,Leeds,Commercial Street at Sharps,,Wednesday,2015,4,November,47,1634,0,1634,0,0,0,1634,0,16342015-11-25,10,Leeds,Commercial Street at Barratts,,Wednesday,2015,4,November,47,784,0,784,0,0,0,784,0,7842015-11-25,10,Leeds,Headrow,,Wednesday,2015,4,November,47,1204,0,1204,0,0,0,1204,0,12042015-11-25,10,Leeds,"Dortmund Square	",,Wednesday,2015,4,November,47,1382,0,1382,0,0,0,1382,0,13822015-11-25,10,Leeds,Albion Street South,,Wednesday,2015,4,November,47,502,0,502,0,0,0,502,0,5022015-11-25,10,Leeds,Albion Street North,,Wednesday,2015,4,November,47,1004,0,1004,0,0,0,1004,0,10042015-11-25,11,Leeds,Briggate,,Wednesday,2015,4,November,47,3422,0,3422,0,0,0,3422,0,34222015-11-25,11,Leeds,"Briggate at McDonalds	",,Wednesday,2015,4,November,47,1244,0,1244,0,0,0,1244,0,12442015-11-25,11,Leeds,Commercial Street at Sharps,,Wednesday,2015,4,November,47,2479,0,2479,0,0,0,2479,0,24792015-11-25,11,Leeds,Commercial Street at Barratts,,Wednesday,2015,4,November,47,1186,0,1186,0,0,0,1186,0,11862015-11-25,11,Leeds,Headrow,,Wednesday,2015,4,November,47,1634,0,1634,0,0,0,1634,0,16342015-11-25,11,Leeds,"Dortmund Square	",,Wednesday,2015,4,November,47,1742,0,1742,0,0,0,1742,0,17422015-11-25,11,Leeds,Albion Street South,,Wednesday,2015,4,November,47,3454,0,3454,0,0,0,3454,0,34542015-11-25,11,Leeds,Albion Street North,,Wednesday,2015,4,November,47,2720,0,2720,0,0,0,2720,0,27202015-11-25,12,Leeds,Briggate,,Wednesday,2015,4,November,47,5741,0,5741,0,0,0,5741,0,57412015-11-25,12,Leeds,"Briggate at McDonalds	",,Wednesday,2015,4,November,47,1761,0,1761,0,0,0,1761,0,17612015-11-25,12,Leeds,Commercial Street at Sharps,,Wednesday,2015,4,November,47,2261,0,2261,0,0,0,2261,0,22612015-11-25,12,Leeds,Commercial Street at Barratts,,Wednesday,2015,4,November,47,2219,0,2219,0,0,0,2219,0,22192015-11-25,12,Leeds,Headrow,,Wednesday,2015,4,November,47,2829,0,2829,0,0,0,2829,0,28292015-11-25,12,Leeds,"Dortmund Square	",,Wednesday,2015,4,November,47,2752,0,2752,0,0,0,2752,0,27522015-11-25,12,Leeds,Albion Street South,,Wednesday,2015,4,November,47,3154,0,3154,0,0,0,3154,0,31542015-11-25,12,Leeds,Albion Street North,,Wednesday,2015,4,November,47,1805,0,1805,0,0,0,1805,0,18052015-11-25,13,Leeds,Briggate,,Wednesday,2015,4,November,47,4696,0,4696,0,0,0,4696,0,46962015-11-25,13,Leeds,"Briggate at McDonalds	",,Wednesday,2015,4,November,47,2066,0,2066,0,0,0,2066,0,20662015-11-25,13,Leeds,Commercial Street at Sharps,,Wednesday,2015,4,November,47,2362,0,2362,0,0,0,2362,0,23622015-11-25,13,Leeds,Commercial Street at Barratts,,Wednesday,2015,4,November,47,2263,0,2263,0,0,0,2263,0,22632015-11-25,13,Leeds,Headrow,,Wednesday,2015,4,November,47,2620,0,2620,0,0,0,2620,0,26202015-11-25,13,Leeds,"Dortmund Square	",,Wednesday,2015,4,November,47,2812,0,2812,0,0,0,2812,0,28122015-11-25,13,Leeds,Albion Street South,,Wednesday,2015,4,November,47,3947,0,3947,0,0,0,3947,0,39472015-11-25,13,Leeds,Albion Street North,,Wednesday,2015,4,November,47,2225,0,2225,0,0,0,2225,0,22252015-11-25,14,Leeds,Briggate,,Wednesday,2015,4,November,47,3636,0,3636,0,0,0,3636,0,36362015-11-25,14,Leeds,"Briggate at McDonalds	",,Wednesday,2015,4,November,47,1615,0,1615,0,0,0,1615,0,16152015-11-25,14,Leeds,Commercial Street at Sharps,,Wednesday,2015,4,November,47,3108,0,3108,0,0,0,3108,0,31082015-11-25,14,Leeds,Commercial Street at Barratts,,Wednesday,2015,4,November,47,1739,0,1739,0,0,0,1739,0,17392015-11-25,14,Leeds,Headrow,,Wednesday,2015,4,November,47,2089,0,2089,0,0,0,2089,0,20892015-11-25,14,Leeds,"Dortmund Square	",,Wednesday,2015,4,November,47,2410,0,2410,0,0,0,2410,0,24102015-11-25,14,Leeds,Albion Street South,,Wednesday,2015,4,November,47,2854,0,2854,0,0,0,2854,0,28542015-11-25,14,Leeds,Albion Street North,,Wednesday,2015,4,November,47,1787,0,1787,0,0,0,1787,0,17872015-11-25,15,Leeds,Briggate,,Wednesday,2015,4,November,47,3423,0,3423,0,0,0,3423,0,34232015-11-25,15,Leeds,"Briggate at McDonalds	",,Wednesday,2015,4,November,47,1656,0,1656,0,0,0,1656,0,16562015-11-25,15,Leeds,Commercial Street at Sharps,,Wednesday,2015,4,November,47,2893,0,2893,0,0,0,2893,0,28932015-11-25,15,Leeds,Commercial Street at Barratts,,Wednesday,2015,4,November,47,1507,0,1507,0,0,0,1507,0,15072015-11-25,15,Leeds,Headrow,,Wednesday,2015,4,November,47,2042,0,2042,0,0,0,2042,0,20422015-11-25,15,Leeds,"Dortmund Square	",,Wednesday,2015,4,November,47,2086,0,2086,0,0,0,2086,0,20862015-11-25,15,Leeds,Albion Street South,,Wednesday,2015,4,November,47,3024,0,3024,0,0,0,3024,0,30242015-11-25,15,Leeds,Albion Street North,,Wednesday,2015,4,November,47,1578,0,1578,0,0,0,1578,0,15782015-11-25,16,Leeds,Briggate,,Wednesday,2015,4,November,47,1535,0,1535,0,0,0,1535,0,15352015-11-25,16,Leeds,"Briggate at McDonalds	",,Wednesday,2015,4,November,47,1591,0,1591,0,0,0,1591,0,15912015-11-25,16,Leeds,Commercial Street at Sharps,,Wednesday,2015,4,November,47,2511,0,2511,0,0,0,2511,0,25112015-11-25,16,Leeds,Commercial Street at Barratts,,Wednesday,2015,4,November,47,1474,0,1474,0,0,0,1474,0,14742015-11-25,16,Leeds,Headrow,,Wednesday,2015,4,November,47,1189,0,1189,0,0,0,1189,0,11892015-11-25,16,Leeds,"Dortmund Square	",,Wednesday,2015,4,November,47,2388,0,2388,0,0,0,2388,0,23882015-11-25,16,Leeds,Albion Street South,,Wednesday,2015,4,November,47,2619,0,2619,0,0,0,2619,0,26192015-11-25,16,Leeds,Albion Street North,,Wednesday,2015,4,November,47,1032,0,1032,0,0,0,1032,0,10322015-11-25,17,Leeds,Briggate,,Wednesday,2015,4,November,47,1482,0,1482,0,0,0,1482,0,14822015-11-25,17,Leeds,"Briggate at McDonalds	",,Wednesday,2015,4,November,47,1525,0,1525,0,0,0,1525,0,15252015-11-25,17,Leeds,Commercial Street at Sharps,,Wednesday,2015,4,November,47,2423,0,2423,0,0,0,2423,0,24232015-11-25,17,Leeds,Commercial Street at Barratts,,Wednesday,2015,4,November,47,1162,0,1162,0,0,0,1162,0,11622015-11-25,17,Leeds,Headrow,,Wednesday,2015,4,November,47,552,0,552,0,0,0,552,0,5522015-11-25,17,Leeds,"Dortmund Square	",,Wednesday,2015,4,November,47,2246,0,2246,0,0,0,2246,0,22462015-11-25,17,Leeds,Albion Street South,,Wednesday,2015,4,November,47,2646,0,2646,0,0,0,2646,0,26462015-11-25,17,Leeds,Albion Street North,,Wednesday,2015,4,November,47,879,0,879,0,0,0,879,0,8792015-11-25,18,Leeds,Briggate,,Wednesday,2015,4,November,47,1035,0,1035,0,0,0,1035,0,10352015-11-25,18,Leeds,"Briggate at McDonalds	",,Wednesday,2015,4,November,47,982,0,982,0,0,0,982,0,9822015-11-25,18,Leeds,Commercial Street at Sharps,,Wednesday,2015,4,November,47,1328,0,1328,0,0,0,1328,0,13282015-11-25,18,Leeds,Commercial Street at Barratts,,Wednesday,2015,4,November,47,562,0,562,0,0,0,562,0,5622015-11-25,18,Leeds,Headrow,,Wednesday,2015,4,November,47,420,0,420,0,0,0,420,0,4202015-11-25,18,Leeds,"Dortmund Square	",,Wednesday,2015,4,November,47,1503,0,1503,0,0,0,1503,0,15032015-11-25,18,Leeds,Albion Street South,,Wednesday,2015,4,November,47,1721,0,1721,0,0,0,1721,0,17212015-11-25,18,Leeds,Albion Street North,,Wednesday,2015,4,November,47,553,0,553,0,0,0,553,0,5532015-11-25,19,Leeds,Briggate,,Wednesday,2015,4,November,47,630,0,630,0,0,0,630,0,6302015-11-25,19,Leeds,"Briggate at McDonalds	",,Wednesday,2015,4,November,47,640,0,640,0,0,0,640,0,6402015-11-25,19,Leeds,Commercial Street at Sharps,,Wednesday,2015,4,November,47,707,0,707,0,0,0,707,0,7072015-11-25,19,Leeds,Commercial Street at Barratts,,Wednesday,2015,4,November,47,308,0,308,0,0,0,308,0,3082015-11-25,19,Leeds,Headrow,,Wednesday,2015,4,November,47,200,0,200,0,0,0,200,0,2002015-11-25,19,Leeds,"Dortmund Square	",,Wednesday,2015,4,November,47,910,0,910,0,0,0,910,0,9102015-11-25,19,Leeds,Albion Street South,,Wednesday,2015,4,November,47,793,0,793,0,0,0,793,0,7932015-11-25,19,Leeds,Albion Street North,,Wednesday,2015,4,November,47,338,0,338,0,0,0,338,0,3382015-11-25,20,Leeds,Briggate,,Wednesday,2015,4,November,47,303,0,303,0,0,0,303,0,3032015-11-25,20,Leeds,"Briggate at McDonalds	",,Wednesday,2015,4,November,47,327,0,327,0,0,0,327,0,3272015-11-25,20,Leeds,Commercial Street at Sharps,,Wednesday,2015,4,November,47,360,0,360,0,0,0,360,0,3602015-11-25,20,Leeds,Commercial Street at Barratts,,Wednesday,2015,4,November,47,207,0,207,0,0,0,207,0,2072015-11-25,20,Leeds,Headrow,,Wednesday,2015,4,November,47,50,0,50,0,0,0,50,0,502015-11-25,20,Leeds,"Dortmund Square	",,Wednesday,2015,4,November,47,558,0,558,0,0,0,558,0,5582015-11-25,20,Leeds,Albion Street South,,Wednesday,2015,4,November,47,474,0,474,0,0,0,474,0,4742015-11-25,20,Leeds,Albion Street North,,Wednesday,2015,4,November,47,199,0,199,0,0,0,199,0,1992015-11-25,21,Leeds,Briggate,,Wednesday,2015,4,November,47,244,0,244,0,0,0,244,0,2442015-11-25,21,Leeds,"Briggate at McDonalds	",,Wednesday,2015,4,November,47,287,0,287,0,0,0,287,0,2872015-11-25,21,Leeds,Commercial Street at Sharps,,Wednesday,2015,4,November,47,228,0,228,0,0,0,228,0,2282015-11-25,21,Leeds,Commercial Street at Barratts,,Wednesday,2015,4,November,47,153,0,153,0,0,0,153,0,1532015-11-25,21,Leeds,Headrow,,Wednesday,2015,4,November,47,37,0,37,0,0,0,37,0,372015-11-25,21,Leeds,"Dortmund Square	",,Wednesday,2015,4,November,47,395,0,395,0,0,0,395,0,3952015-11-25,21,Leeds,Albion Street South,,Wednesday,2015,4,November,47,293,0,293,0,0,0,293,0,2932015-11-25,21,Leeds,Albion Street North,,Wednesday,2015,4,November,47,120,0,120,0,0,0,120,0,1202015-11-25,22,Leeds,Briggate,,Wednesday,2015,4,November,47,198,0,198,0,0,0,198,0,1982015-11-25,22,Leeds,"Briggate at McDonalds	",,Wednesday,2015,4,November,47,251,0,251,0,0,0,251,0,2512015-11-25,22,Leeds,Commercial Street at Sharps,,Wednesday,2015,4,November,47,175,0,175,0,0,0,175,0,1752015-11-25,22,Leeds,Commercial Street at Barratts,,Wednesday,2015,4,November,47,89,0,89,0,0,0,89,0,892015-11-25,22,Leeds,Headrow,,Wednesday,2015,4,November,47,50,0,50,0,0,0,50,0,502015-11-25,22,Leeds,"Dortmund Square	",,Wednesday,2015,4,November,47,296,0,296,0,0,0,296,0,2962015-11-25,22,Leeds,Albion Street South,,Wednesday,2015,4,November,47,218,0,218,0,0,0,218,0,2182015-11-25,22,Leeds,Albion Street North,,Wednesday,2015,4,November,47,81,0,81,0,0,0,81,0,812015-11-25,23,Leeds,Briggate,,Wednesday,2015,4,November,47,173,0,173,0,0,0,173,0,1732015-11-25,23,Leeds,"Briggate at McDonalds	",,Wednesday,2015,4,November,47,156,0,156,0,0,0,156,0,1562015-11-25,23,Leeds,Commercial Street at Sharps,,Wednesday,2015,4,November,47,122,0,122,0,0,0,122,0,1222015-11-25,23,Leeds,Commercial Street at Barratts,,Wednesday,2015,4,November,47,46,0,46,0,0,0,46,0,462015-11-25,23,Leeds,Headrow,,Wednesday,2015,4,November,47,157,0,157,0,0,0,157,0,1572015-11-25,23,Leeds,"Dortmund Square	",,Wednesday,2015,4,November,47,134,0,134,0,0,0,134,0,1342015-11-25,23,Leeds,Albion Street South,,Wednesday,2015,4,November,47,131,0,131,0,0,0,131,0,1312015-11-25,23,Leeds,Albion Street North,,Wednesday,2015,4,November,47,60,0,60,0,0,0,60,0,602015-11-26,0,Leeds,Briggate,,Thursday,2015,4,November,47,124,0,124,0,0,0,124,0,1242015-11-26,0,Leeds,"Briggate at McDonalds	",,Thursday,2015,4,November,47,96,0,96,0,0,0,96,0,962015-11-26,0,Leeds,Commercial Street at Sharps,,Thursday,2015,4,November,47,53,0,53,0,0,0,53,0,532015-11-26,0,Leeds,Commercial Street at Barratts,,Thursday,2015,4,November,47,9,0,9,0,0,0,9,0,92015-11-26,0,Leeds,Headrow,,Thursday,2015,4,November,47,81,0,81,0,0,0,81,0,812015-11-26,0,Leeds,"Dortmund Square	",,Thursday,2015,4,November,47,85,0,85,0,0,0,85,0,852015-11-26,0,Leeds,Albion Street South,,Thursday,2015,4,November,47,51,0,51,0,0,0,51,0,512015-11-26,0,Leeds,Albion Street North,,Thursday,2015,4,November,47,11,0,11,0,0,0,11,0,112015-11-26,1,Leeds,Briggate,,Thursday,2015,4,November,47,89,0,89,0,0,0,89,0,892015-11-26,1,Leeds,"Briggate at McDonalds	",,Thursday,2015,4,November,47,45,0,45,0,0,0,45,0,452015-11-26,1,Leeds,Commercial Street at Sharps,,Thursday,2015,4,November,47,42,0,42,0,0,0,42,0,422015-11-26,1,Leeds,Commercial Street at Barratts,,Thursday,2015,4,November,47,0,0,0,0,0,0,0,0,02015-11-26,1,Leeds,Headrow,,Thursday,2015,4,November,47,40,0,40,0,0,0,40,0,402015-11-26,1,Leeds,"Dortmund Square	",,Thursday,2015,4,November,47,46,0,46,0,0,0,46,0,462015-11-26,1,Leeds,Albion Street South,,Thursday,2015,4,November,47,30,0,30,0,0,0,30,0,302015-11-26,1,Leeds,Albion Street North,,Thursday,2015,4,November,47,13,0,13,0,0,0,13,0,132015-11-26,2,Leeds,Briggate,,Thursday,2015,4,November,47,56,0,56,0,0,0,56,0,562015-11-26,2,Leeds,"Briggate at McDonalds	",,Thursday,2015,4,November,47,32,0,32,0,0,0,32,0,322015-11-26,2,Leeds,Commercial Street at Sharps,,Thursday,2015,4,November,47,37,0,37,0,0,0,37,0,372015-11-26,2,Leeds,Commercial Street at Barratts,,Thursday,2015,4,November,47,0,0,0,0,0,0,0,0,02015-11-26,2,Leeds,Headrow,,Thursday,2015,4,November,47,41,0,41,0,0,0,41,0,412015-11-26,2,Leeds,"Dortmund Square	",,Thursday,2015,4,November,47,32,0,32,0,0,0,32,0,322015-11-26,2,Leeds,Albion Street South,,Thursday,2015,4,November,47,43,0,43,0,0,0,43,0,432015-11-26,2,Leeds,Albion Street North,,Thursday,2015,4,November,47,11,0,11,0,0,0,11,0,112015-11-26,3,Leeds,Briggate,,Thursday,2015,4,November,47,47,0,47,0,0,0,47,0,472015-11-26,3,Leeds,"Briggate at McDonalds	",,Thursday,2015,4,November,47,29,0,29,0,0,0,29,0,292015-11-26,3,Leeds,Commercial Street at Sharps,,Thursday,2015,4,November,47,21,0,21,0,0,0,21,0,212015-11-26,3,Leeds,Commercial Street at Barratts,,Thursday,2015,4,November,47,0,0,0,0,0,0,0,0,02015-11-26,3,Leeds,Headrow,,Thursday,2015,4,November,47,14,0,14,0,0,0,14,0,142015-11-26,3,Leeds,"Dortmund Square	",,Thursday,2015,4,November,47,27,0,27,0,0,0,27,0,272015-11-26,3,Leeds,Albion Street South,,Thursday,2015,4,November,47,17,0,17,0,0,0,17,0,172015-11-26,3,Leeds,Albion Street North,,Thursday,2015,4,November,47,5,0,5,0,0,0,5,0,52015-11-26,4,Leeds,Briggate,,Thursday,2015,4,November,47,55,0,55,0,0,0,55,0,552015-11-26,4,Leeds,"Briggate at McDonalds	",,Thursday,2015,4,November,47,19,0,19,0,0,0,19,0,192015-11-26,4,Leeds,Commercial Street at Sharps,,Thursday,2015,4,November,47,22,0,22,0,0,0,22,0,222015-11-26,4,Leeds,Commercial Street at Barratts,,Thursday,2015,4,November,47,0,0,0,0,0,0,0,0,02015-11-26,4,Leeds,Headrow,,Thursday,2015,4,November,47,11,0,11,0,0,0,11,0,112015-11-26,4,Leeds,"Dortmund Square	",,Thursday,2015,4,November,47,28,0,28,0,0,0,28,0,282015-11-26,4,Leeds,Albion Street South,,Thursday,2015,4,November,47,28,0,28,0,0,0,28,0,282015-11-26,4,Leeds,Albion Street North,,Thursday,2015,4,November,47,21,0,21,0,0,0,21,0,212015-11-26,5,Leeds,Briggate,,Thursday,2015,4,November,47,41,0,41,0,0,0,41,0,412015-11-26,5,Leeds,"Briggate at McDonalds	",,Thursday,2015,4,November,47,53,0,53,0,0,0,53,0,532015-11-26,5,Leeds,Commercial Street at Sharps,,Thursday,2015,4,November,47,44,0,44,0,0,0,44,0,442015-11-26,5,Leeds,Commercial Street at Barratts,,Thursday,2015,4,November,47,79,0,79,0,0,0,79,0,792015-11-26,5,Leeds,Headrow,,Thursday,2015,4,November,47,22,0,22,0,0,0,22,0,222015-11-26,5,Leeds,"Dortmund Square	",,Thursday,2015,4,November,47,42,0,42,0,0,0,42,0,422015-11-26,5,Leeds,Albion Street South,,Thursday,2015,4,November,47,87,0,87,0,0,0,87,0,872015-11-26,5,Leeds,Albion Street North,,Thursday,2015,4,November,47,19,0,19,0,0,0,19,0,192015-11-26,6,Leeds,Briggate,,Thursday,2015,4,November,47,151,0,151,0,0,0,151,0,1512015-11-26,6,Leeds,"Briggate at McDonalds	",,Thursday,2015,4,November,47,145,0,145,0,0,0,145,0,1452015-11-26,6,Leeds,Commercial Street at Sharps,,Thursday,2015,4,November,47,117,0,117,0,0,0,117,0,1172015-11-26,6,Leeds,Commercial Street at Barratts,,Thursday,2015,4,November,47,79,0,79,0,0,0,79,0,792015-11-26,6,Leeds,Headrow,,Thursday,2015,4,November,47,86,0,86,0,0,0,86,0,862015-11-26,6,Leeds,"Dortmund Square	",,Thursday,2015,4,November,47,125,0,125,0,0,0,125,0,1252015-11-26,6,Leeds,Albion Street South,,Thursday,2015,4,November,47,142,0,142,0,0,0,142,0,1422015-11-26,6,Leeds,Albion Street North,,Thursday,2015,4,November,47,41,0,41,0,0,0,41,0,412015-11-26,7,Leeds,Briggate,,Thursday,2015,4,November,47,361,0,361,0,0,0,361,0,3612015-11-26,7,Leeds,"Briggate at McDonalds	",,Thursday,2015,4,November,47,312,0,312,0,0,0,312,0,3122015-11-26,7,Leeds,Commercial Street at Sharps,,Thursday,2015,4,November,47,360,0,360,0,0,0,360,0,3602015-11-26,7,Leeds,Commercial Street at Barratts,,Thursday,2015,4,November,47,225,0,225,0,0,0,225,0,2252015-11-26,7,Leeds,Headrow,,Thursday,2015,4,November,47,245,0,245,0,0,0,245,0,2452015-11-26,7,Leeds,"Dortmund Square	",,Thursday,2015,4,November,47,439,0,439,0,0,0,439,0,4392015-11-26,7,Leeds,Albion Street South,,Thursday,2015,4,November,47,414,0,414,0,0,0,414,0,4142015-11-26,7,Leeds,Albion Street North,,Thursday,2015,4,November,47,193,0,193,0,0,0,193,0,1932015-11-26,8,Leeds,Briggate,,Thursday,2015,4,November,47,1022,0,1022,0,0,0,1022,0,10222015-11-26,8,Leeds,"Briggate at McDonalds	",,Thursday,2015,4,November,47,616,0,616,0,0,0,616,0,6162015-11-26,8,Leeds,Commercial Street at Sharps,,Thursday,2015,4,November,47,973,0,973,0,0,0,973,0,9732015-11-26,8,Leeds,Commercial Street at Barratts,,Thursday,2015,4,November,47,592,0,592,0,0,0,592,0,5922015-11-26,8,Leeds,Headrow,,Thursday,2015,4,November,47,577,0,577,0,0,0,577,0,5772015-11-26,8,Leeds,"Dortmund Square	",,Thursday,2015,4,November,47,1183,0,1183,0,0,0,1183,0,11832015-11-26,8,Leeds,Albion Street South,,Thursday,2015,4,November,47,1004,0,1004,0,0,0,1004,0,10042015-11-26,8,Leeds,Albion Street North,,Thursday,2015,4,November,47,696,0,696,0,0,0,696,0,6962015-11-26,9,Leeds,Briggate,,Thursday,2015,4,November,47,1018,0,1018,0,0,0,1018,0,10182015-11-26,9,Leeds,"Briggate at McDonalds	",,Thursday,2015,4,November,47,674,0,674,0,0,0,674,0,6742015-11-26,9,Leeds,Commercial Street at Sharps,,Thursday,2015,4,November,47,1119,0,1119,0,0,0,1119,0,11192015-11-26,9,Leeds,Commercial Street at Barratts,,Thursday,2015,4,November,47,611,0,611,0,0,0,611,0,6112015-11-26,9,Leeds,Headrow,,Thursday,2015,4,November,47,816,0,816,0,0,0,816,0,8162015-11-26,9,Leeds,"Dortmund Square	",,Thursday,2015,4,November,47,1054,0,1054,0,0,0,1054,0,10542015-11-26,9,Leeds,Albion Street South,,Thursday,2015,4,November,47,491,0,491,0,0,0,491,0,4912015-11-26,9,Leeds,Albion Street North,,Thursday,2015,4,November,47,287,0,287,0,0,0,287,0,2872015-11-26,10,Leeds,Briggate,,Thursday,2015,4,November,47,1903,0,1903,0,0,0,1903,0,19032015-11-26,10,Leeds,"Briggate at McDonalds	",,Thursday,2015,4,November,47,855,0,855,0,0,0,855,0,8552015-11-26,10,Leeds,Commercial Street at Sharps,,Thursday,2015,4,November,47,1675,0,1675,0,0,0,1675,0,16752015-11-26,10,Leeds,Commercial Street at Barratts,,Thursday,2015,4,November,47,936,0,936,0,0,0,936,0,9362015-11-26,10,Leeds,Headrow,,Thursday,2015,4,November,47,1296,0,1296,0,0,0,1296,0,12962015-11-26,10,Leeds,"Dortmund Square	",,Thursday,2015,4,November,47,1392,0,1392,0,0,0,1392,0,13922015-11-26,10,Leeds,Albion Street South,,Thursday,2015,4,November,47,1140,0,1140,0,0,0,1140,0,11402015-11-26,10,Leeds,Albion Street North,,Thursday,2015,4,November,47,874,0,874,0,0,0,874,0,8742015-11-26,11,Leeds,Briggate,,Thursday,2015,4,November,47,3003,0,3003,0,0,0,3003,0,30032015-11-26,11,Leeds,"Briggate at McDonalds	",,Thursday,2015,4,November,47,1167,0,1167,0,0,0,1167,0,11672015-11-26,11,Leeds,Commercial Street at Sharps,,Thursday,2015,4,November,47,2393,0,2393,0,0,0,2393,0,23932015-11-26,11,Leeds,Commercial Street at Barratts,,Thursday,2015,4,November,47,1313,0,1313,0,0,0,1313,0,13132015-11-26,11,Leeds,Headrow,,Thursday,2015,4,November,47,1847,0,1847,0,0,0,1847,0,18472015-11-26,11,Leeds,"Dortmund Square	",,Thursday,2015,4,November,47,1851,0,1851,0,0,0,1851,0,18512015-11-26,11,Leeds,Albion Street South,,Thursday,2015,4,November,47,2916,0,2916,0,0,0,2916,0,29162015-11-26,11,Leeds,Albion Street North,,Thursday,2015,4,November,47,1853,0,1853,0,0,0,1853,0,18532015-11-26,12,Leeds,Briggate,,Thursday,2015,4,November,47,4663,0,4663,0,0,0,4663,0,46632015-11-26,12,Leeds,"Briggate at McDonalds	",,Thursday,2015,4,November,47,1858,0,1858,0,0,0,1858,0,18582015-11-26,12,Leeds,Commercial Street at Sharps,,Thursday,2015,4,November,47,2542,0,2542,0,0,0,2542,0,25422015-11-26,12,Leeds,Commercial Street at Barratts,,Thursday,2015,4,November,47,2267,0,2267,0,0,0,2267,0,22672015-11-26,12,Leeds,Headrow,,Thursday,2015,4,November,47,2697,0,2697,0,0,0,2697,0,26972015-11-26,12,Leeds,"Dortmund Square	",,Thursday,2015,4,November,47,2881,0,2881,0,0,0,2881,0,28812015-11-26,12,Leeds,Albion Street South,,Thursday,2015,4,November,47,4455,0,4455,0,0,0,4455,0,44552015-11-26,12,Leeds,Albion Street North,,Thursday,2015,4,November,47,2198,0,2198,0,0,0,2198,0,21982015-11-26,13,Leeds,Briggate,,Thursday,2015,4,November,47,4759,0,4759,0,0,0,4759,0,47592015-11-26,13,Leeds,"Briggate at McDonalds	",,Thursday,2015,4,November,47,1879,0,1879,0,0,0,1879,0,18792015-11-26,13,Leeds,Commercial Street at Sharps,,Thursday,2015,4,November,47,2567,0,2567,0,0,0,2567,0,25672015-11-26,13,Leeds,Commercial Street at Barratts,,Thursday,2015,4,November,47,2253,0,2253,0,0,0,2253,0,22532015-11-26,13,Leeds,Headrow,,Thursday,2015,4,November,47,2733,0,2733,0,0,0,2733,0,27332015-11-26,13,Leeds,"Dortmund Square	",,Thursday,2015,4,November,47,2745,0,2745,0,0,0,2745,0,27452015-11-26,13,Leeds,Albion Street South,,Thursday,2015,4,November,47,4914,0,4914,0,0,0,4914,0,49142015-11-26,13,Leeds,Albion Street North,,Thursday,2015,4,November,47,2360,0,2360,0,0,0,2360,0,23602015-11-26,14,Leeds,Briggate,,Thursday,2015,4,November,47,3896,0,3896,0,0,0,3896,0,38962015-11-26,14,Leeds,"Briggate at McDonalds	",,Thursday,2015,4,November,47,1579,0,1579,0,0,0,1579,0,15792015-11-26,14,Leeds,Commercial Street at Sharps,,Thursday,2015,4,November,47,3302,0,3302,0,0,0,3302,0,33022015-11-26,14,Leeds,Commercial Street at Barratts,,Thursday,2015,4,November,47,1640,0,1640,0,0,0,1640,0,16402015-11-26,14,Leeds,Headrow,,Thursday,2015,4,November,47,2179,0,2179,0,0,0,2179,0,21792015-11-26,14,Leeds,"Dortmund Square	",,Thursday,2015,4,November,47,2222,0,2222,0,0,0,2222,0,22222015-11-26,14,Leeds,Albion Street South,,Thursday,2015,4,November,47,3349,0,3349,0,0,0,3349,0,33492015-11-26,14,Leeds,Albion Street North,,Thursday,2015,4,November,47,1671,0,1671,0,0,0,1671,0,16712015-11-26,15,Leeds,Briggate,,Thursday,2015,4,November,47,3299,0,3299,0,0,0,3299,0,32992015-11-26,15,Leeds,"Briggate at McDonalds	",,Thursday,2015,4,November,47,1503,0,1503,0,0,0,1503,0,15032015-11-26,15,Leeds,Commercial Street at Sharps,,Thursday,2015,4,November,47,2767,0,2767,0,0,0,2767,0,27672015-11-26,15,Leeds,Commercial Street at Barratts,,Thursday,2015,4,November,47,1549,0,1549,0,0,0,1549,0,15492015-11-26,15,Leeds,Headrow,,Thursday,2015,4,November,47,1920,0,1920,0,0,0,1920,0,19202015-11-26,15,Leeds,"Dortmund Square	",,Thursday,2015,4,November,47,2068,0,2068,0,0,0,2068,0,20682015-11-26,15,Leeds,Albion Street South,,Thursday,2015,4,November,47,2901,0,2901,0,0,0,2901,0,29012015-11-26,15,Leeds,Albion Street North,,Thursday,2015,4,November,47,1300,0,1300,0,0,0,1300,0,13002015-11-26,16,Leeds,Briggate,,Thursday,2015,4,November,47,1506,0,1506,0,0,0,1506,0,15062015-11-26,16,Leeds,"Briggate at McDonalds	",,Thursday,2015,4,November,47,1464,0,1464,0,0,0,1464,0,14642015-11-26,16,Leeds,Commercial Street at Sharps,,Thursday,2015,4,November,47,2623,0,2623,0,0,0,2623,0,26232015-11-26,16,Leeds,Commercial Street at Barratts,,Thursday,2015,4,November,47,1631,0,1631,0,0,0,1631,0,16312015-11-26,16,Leeds,Headrow,,Thursday,2015,4,November,47,916,0,916,0,0,0,916,0,9162015-11-26,16,Leeds,"Dortmund Square	",,Thursday,2015,4,November,47,2450,0,2450,0,0,0,2450,0,24502015-11-26,16,Leeds,Albion Street South,,Thursday,2015,4,November,47,2878,0,2878,0,0,0,2878,0,28782015-11-26,16,Leeds,Albion Street North,,Thursday,2015,4,November,47,884,0,884,0,0,0,884,0,8842015-11-26,17,Leeds,Briggate,,Thursday,2015,4,November,47,1410,0,1410,0,0,0,1410,0,14102015-11-26,17,Leeds,"Briggate at McDonalds	",,Thursday,2015,4,November,47,1335,0,1335,0,0,0,1335,0,13352015-11-26,17,Leeds,Commercial Street at Sharps,,Thursday,2015,4,November,47,2440,0,2440,0,0,0,2440,0,24402015-11-26,17,Leeds,Commercial Street at Barratts,,Thursday,2015,4,November,47,1274,0,1274,0,0,0,1274,0,12742015-11-26,17,Leeds,Headrow,,Thursday,2015,4,November,47,438,0,438,0,0,0,438,0,4382015-11-26,17,Leeds,"Dortmund Square	",,Thursday,2015,4,November,47,2285,0,2285,0,0,0,2285,0,22852015-11-26,17,Leeds,Albion Street South,,Thursday,2015,4,November,47,3089,0,3089,0,0,0,3089,0,30892015-11-26,17,Leeds,Albion Street North,,Thursday,2015,4,November,47,900,0,900,0,0,0,900,0,9002015-11-26,18,Leeds,Briggate,,Thursday,2015,4,November,47,1137,0,1137,0,0,0,1137,0,11372015-11-26,18,Leeds,"Briggate at McDonalds	",,Thursday,2015,4,November,47,970,0,970,0,0,0,970,0,9702015-11-26,18,Leeds,Commercial Street at Sharps,,Thursday,2015,4,November,47,1644,0,1644,0,0,0,1644,0,16442015-11-26,18,Leeds,Commercial Street at Barratts,,Thursday,2015,4,November,47,784,0,784,0,0,0,784,0,7842015-11-26,18,Leeds,Headrow,,Thursday,2015,4,November,47,376,0,376,0,0,0,376,0,3762015-11-26,18,Leeds,"Dortmund Square	",,Thursday,2015,4,November,47,1598,0,1598,0,0,0,1598,0,15982015-11-26,18,Leeds,Albion Street South,,Thursday,2015,4,November,47,2144,0,2144,0,0,0,2144,0,21442015-11-26,18,Leeds,Albion Street North,,Thursday,2015,4,November,47,551,0,551,0,0,0,551,0,5512015-11-26,19,Leeds,Briggate,,Thursday,2015,4,November,47,784,0,784,0,0,0,784,0,7842015-11-26,19,Leeds,"Briggate at McDonalds	",,Thursday,2015,4,November,47,757,0,757,0,0,0,757,0,7572015-11-26,19,Leeds,Commercial Street at Sharps,,Thursday,2015,4,November,47,974,0,974,0,0,0,974,0,9742015-11-26,19,Leeds,Commercial Street at Barratts,,Thursday,2015,4,November,47,343,0,343,0,0,0,343,0,3432015-11-26,19,Leeds,Headrow,,Thursday,2015,4,November,47,159,0,159,0,0,0,159,0,1592015-11-26,19,Leeds,"Dortmund Square	",,Thursday,2015,4,November,47,1091,0,1091,0,0,0,1091,0,10912015-11-26,19,Leeds,Albion Street South,,Thursday,2015,4,November,47,1182,0,1182,0,0,0,1182,0,11822015-11-26,19,Leeds,Albion Street North,,Thursday,2015,4,November,47,327,0,327,0,0,0,327,0,3272015-11-26,20,Leeds,Briggate,,Thursday,2015,4,November,47,316,0,316,0,0,0,316,0,3162015-11-26,20,Leeds,"Briggate at McDonalds	",,Thursday,2015,4,November,47,293,0,293,0,0,0,293,0,2932015-11-26,20,Leeds,Commercial Street at Sharps,,Thursday,2015,4,November,47,503,0,503,0,0,0,503,0,5032015-11-26,20,Leeds,Commercial Street at Barratts,,Thursday,2015,4,November,47,223,0,223,0,0,0,223,0,2232015-11-26,20,Leeds,Headrow,,Thursday,2015,4,November,47,60,0,60,0,0,0,60,0,602015-11-26,20,Leeds,"Dortmund Square	",,Thursday,2015,4,November,47,605,0,605,0,0,0,605,0,6052015-11-26,20,Leeds,Albion Street South,,Thursday,2015,4,November,47,682,0,682,0,0,0,682,0,6822015-11-26,20,Leeds,Albion Street North,,Thursday,2015,4,November,47,158,0,158,0,0,0,158,0,1582015-11-26,21,Leeds,Briggate,,Thursday,2015,4,November,47,216,0,216,0,0,0,216,0,2162015-11-26,21,Leeds,"Briggate at McDonalds	",,Thursday,2015,4,November,47,284,0,284,0,0,0,284,0,2842015-11-26,21,Leeds,Commercial Street at Sharps,,Thursday,2015,4,November,47,312,0,312,0,0,0,312,0,3122015-11-26,21,Leeds,Commercial Street at Barratts,,Thursday,2015,4,November,47,138,0,138,0,0,0,138,0,1382015-11-26,21,Leeds,Headrow,,Thursday,2015,4,November,47,42,0,42,0,0,0,42,0,422015-11-26,21,Leeds,"Dortmund Square	",,Thursday,2015,4,November,47,370,0,370,0,0,0,370,0,3702015-11-26,21,Leeds,Albion Street South,,Thursday,2015,4,November,47,313,0,313,0,0,0,313,0,3132015-11-26,21,Leeds,Albion Street North,,Thursday,2015,4,November,47,92,0,92,0,0,0,92,0,922015-11-26,22,Leeds,Briggate,,Thursday,2015,4,November,47,290,0,290,0,0,0,290,0,2902015-11-26,22,Leeds,"Briggate at McDonalds	",,Thursday,2015,4,November,47,333,0,333,0,0,0,333,0,3332015-11-26,22,Leeds,Commercial Street at Sharps,,Thursday,2015,4,November,47,203,0,203,0,0,0,203,0,2032015-11-26,22,Leeds,Commercial Street at Barratts,,Thursday,2015,4,November,47,122,0,122,0,0,0,122,0,1222015-11-26,22,Leeds,Headrow,,Thursday,2015,4,November,47,56,0,56,0,0,0,56,0,562015-11-26,22,Leeds,"Dortmund Square	",,Thursday,2015,4,November,47,278,0,278,0,0,0,278,0,2782015-11-26,22,Leeds,Albion Street South,,Thursday,2015,4,November,47,289,0,289,0,0,0,289,0,2892015-11-26,22,Leeds,Albion Street North,,Thursday,2015,4,November,47,84,0,84,0,0,0,84,0,842015-11-26,23,Leeds,Briggate,,Thursday,2015,4,November,47,202,0,202,0,0,0,202,0,2022015-11-26,23,Leeds,"Briggate at McDonalds	",,Thursday,2015,4,November,47,170,0,170,0,0,0,170,0,1702015-11-26,23,Leeds,Commercial Street at Sharps,,Thursday,2015,4,November,47,115,0,115,0,0,0,115,0,1152015-11-26,23,Leeds,Commercial Street at Barratts,,Thursday,2015,4,November,47,70,0,70,0,0,0,70,0,702015-11-26,23,Leeds,Headrow,,Thursday,2015,4,November,47,157,0,157,0,0,0,157,0,1572015-11-26,23,Leeds,"Dortmund Square	",,Thursday,2015,4,November,47,157,0,157,0,0,0,157,0,1572015-11-26,23,Leeds,Albion Street South,,Thursday,2015,4,November,47,145,0,145,0,0,0,145,0,1452015-11-26,23,Leeds,Albion Street North,,Thursday,2015,4,November,47,40,0,40,0,0,0,40,0,402015-11-27,0,Leeds,Briggate,,Friday,2015,4,November,47,202,0,202,0,0,0,202,0,2022015-11-27,0,Leeds,"Briggate at McDonalds	",,Friday,2015,4,November,47,126,0,126,0,0,0,126,0,1262015-11-27,0,Leeds,Commercial Street at Sharps,,Friday,2015,4,November,47,89,0,89,0,0,0,89,0,892015-11-27,0,Leeds,Commercial Street at Barratts,,Friday,2015,4,November,47,67,0,67,0,0,0,67,0,672015-11-27,0,Leeds,Headrow,,Friday,2015,4,November,47,101,0,101,0,0,0,101,0,1012015-11-27,0,Leeds,"Dortmund Square	",,Friday,2015,4,November,47,105,0,105,0,0,0,105,0,1052015-11-27,0,Leeds,Albion Street South,,Friday,2015,4,November,47,117,0,117,0,0,0,117,0,1172015-11-27,0,Leeds,Albion Street North,,Friday,2015,4,November,47,15,0,15,0,0,0,15,0,152015-11-27,1,Leeds,Briggate,,Friday,2015,4,November,47,186,0,186,0,0,0,186,0,1862015-11-27,1,Leeds,"Briggate at McDonalds	",,Friday,2015,4,November,47,112,0,112,0,0,0,112,0,1122015-11-27,1,Leeds,Commercial Street at Sharps,,Friday,2015,4,November,47,42,0,42,0,0,0,42,0,422015-11-27,1,Leeds,Commercial Street at Barratts,,Friday,2015,4,November,47,38,0,38,0,0,0,38,0,382015-11-27,1,Leeds,Headrow,,Friday,2015,4,November,47,66,0,66,0,0,0,66,0,662015-11-27,1,Leeds,"Dortmund Square	",,Friday,2015,4,November,47,83,0,83,0,0,0,83,0,832015-11-27,1,Leeds,Albion Street South,,Friday,2015,4,November,47,85,0,85,0,0,0,85,0,852015-11-27,1,Leeds,Albion Street North,,Friday,2015,4,November,47,21,0,21,0,0,0,21,0,212015-11-27,2,Leeds,Briggate,,Friday,2015,4,November,47,195,0,195,0,0,0,195,0,1952015-11-27,2,Leeds,"Briggate at McDonalds	",,Friday,2015,4,November,47,98,0,98,0,0,0,98,0,982015-11-27,2,Leeds,Commercial Street at Sharps,,Friday,2015,4,November,47,40,0,40,0,0,0,40,0,402015-11-27,2,Leeds,Commercial Street at Barratts,,Friday,2015,4,November,47,0,0,0,0,0,0,0,0,02015-11-27,2,Leeds,Headrow,,Friday,2015,4,November,47,28,0,28,0,0,0,28,0,282015-11-27,2,Leeds,"Dortmund Square	",,Friday,2015,4,November,47,69,0,69,0,0,0,69,0,692015-11-27,2,Leeds,Albion Street South,,Friday,2015,4,November,47,54,0,54,0,0,0,54,0,542015-11-27,2,Leeds,Albion Street North,,Friday,2015,4,November,47,8,0,8,0,0,0,8,0,82015-11-27,3,Leeds,Briggate,,Friday,2015,4,November,47,213,0,213,0,0,0,213,0,2132015-11-27,3,Leeds,"Briggate at McDonalds	",,Friday,2015,4,November,47,116,0,116,0,0,0,116,0,1162015-11-27,3,Leeds,Commercial Street at Sharps,,Friday,2015,4,November,47,43,0,43,0,0,0,43,0,432015-11-27,3,Leeds,Commercial Street at Barratts,,Friday,2015,4,November,47,47,0,47,0,0,0,47,0,472015-11-27,3,Leeds,Headrow,,Friday,2015,4,November,47,61,0,61,0,0,0,61,0,612015-11-27,3,Leeds,"Dortmund Square	",,Friday,2015,4,November,47,116,0,116,0,0,0,116,0,1162015-11-27,3,Leeds,Albion Street South,,Friday,2015,4,November,47,46,0,46,0,0,0,46,0,462015-11-27,3,Leeds,Albion Street North,,Friday,2015,4,November,47,4,0,4,0,0,0,4,0,42015-11-27,4,Leeds,Briggate,,Friday,2015,4,November,47,154,0,154,0,0,0,154,0,1542015-11-27,4,Leeds,"Briggate at McDonalds	",,Friday,2015,4,November,47,72,0,72,0,0,0,72,0,722015-11-27,4,Leeds,Commercial Street at Sharps,,Friday,2015,4,November,47,39,0,39,0,0,0,39,0,392015-11-27,4,Leeds,Commercial Street at Barratts,,Friday,2015,4,November,47,27,0,27,0,0,0,27,0,272015-11-27,4,Leeds,Headrow,,Friday,2015,4,November,47,32,0,32,0,0,0,32,0,322015-11-27,4,Leeds,"Dortmund Square	",,Friday,2015,4,November,47,69,0,69,0,0,0,69,0,692015-11-27,4,Leeds,Albion Street South,,Friday,2015,4,November,47,57,0,57,0,0,0,57,0,572015-11-27,4,Leeds,Albion Street North,,Friday,2015,4,November,47,10,0,10,0,0,0,10,0,102015-11-27,5,Leeds,Briggate,,Friday,2015,4,November,47,96,0,96,0,0,0,96,0,962015-11-27,5,Leeds,"Briggate at McDonalds	",,Friday,2015,4,November,47,91,0,91,0,0,0,91,0,912015-11-27,5,Leeds,Commercial Street at Sharps,,Friday,2015,4,November,47,64,0,64,0,0,0,64,0,642015-11-27,5,Leeds,Commercial Street at Barratts,,Friday,2015,4,November,47,35,0,35,0,0,0,35,0,352015-11-27,5,Leeds,Headrow,,Friday,2015,4,November,47,57,0,57,0,0,0,57,0,572015-11-27,5,Leeds,"Dortmund Square	",,Friday,2015,4,November,47,59,0,59,0,0,0,59,0,592015-11-27,5,Leeds,Albion Street South,,Friday,2015,4,November,47,93,0,93,0,0,0,93,0,932015-11-27,5,Leeds,Albion Street North,,Friday,2015,4,November,47,26,0,26,0,0,0,26,0,262015-11-27,6,Leeds,Briggate,,Friday,2015,4,November,47,175,0,175,0,0,0,175,0,1752015-11-27,6,Leeds,"Briggate at McDonalds	",,Friday,2015,4,November,47,145,0,145,0,0,0,145,0,1452015-11-27,6,Leeds,Commercial Street at Sharps,,Friday,2015,4,November,47,128,0,128,0,0,0,128,0,1282015-11-27,6,Leeds,Commercial Street at Barratts,,Friday,2015,4,November,47,79,0,79,0,0,0,79,0,792015-11-27,6,Leeds,Headrow,,Friday,2015,4,November,47,150,0,150,0,0,0,150,0,1502015-11-27,6,Leeds,"Dortmund Square	",,Friday,2015,4,November,47,203,0,203,0,0,0,203,0,2032015-11-27,6,Leeds,Albion Street South,,Friday,2015,4,November,47,118,0,118,0,0,0,118,0,1182015-11-27,6,Leeds,Albion Street North,,Friday,2015,4,November,47,37,0,37,0,0,0,37,0,372015-11-27,7,Leeds,Briggate,,Friday,2015,4,November,47,398,0,398,0,0,0,398,0,3982015-11-27,7,Leeds,"Briggate at McDonalds	",,Friday,2015,4,November,47,364,0,364,0,0,0,364,0,3642015-11-27,7,Leeds,Commercial Street at Sharps,,Friday,2015,4,November,47,412,0,412,0,0,0,412,0,4122015-11-27,7,Leeds,Commercial Street at Barratts,,Friday,2015,4,November,47,313,0,313,0,0,0,313,0,3132015-11-27,7,Leeds,Headrow,,Friday,2015,4,November,47,380,0,380,0,0,0,380,0,3802015-11-27,7,Leeds,"Dortmund Square	",,Friday,2015,4,November,47,472,0,472,0,0,0,472,0,4722015-11-27,7,Leeds,Albion Street South,,Friday,2015,4,November,47,497,0,497,0,0,0,497,0,4972015-11-27,7,Leeds,Albion Street North,,Friday,2015,4,November,47,169,0,169,0,0,0,169,0,1692015-11-27,8,Leeds,Briggate,,Friday,2015,4,November,47,1315,0,1315,0,0,0,1315,0,13152015-11-27,8,Leeds,"Briggate at McDonalds	",,Friday,2015,4,November,47,687,0,687,0,0,0,687,0,6872015-11-27,8,Leeds,Commercial Street at Sharps,,Friday,2015,4,November,47,1135,0,1135,0,0,0,1135,0,11352015-11-27,8,Leeds,Commercial Street at Barratts,,Friday,2015,4,November,47,859,0,859,0,0,0,859,0,8592015-11-27,8,Leeds,Headrow,,Friday,2015,4,November,47,819,0,819,0,0,0,819,0,8192015-11-27,8,Leeds,"Dortmund Square	",,Friday,2015,4,November,47,1202,0,1202,0,0,0,1202,0,12022015-11-27,8,Leeds,Albion Street South,,Friday,2015,4,November,47,1352,0,1352,0,0,0,1352,0,13522015-11-27,8,Leeds,Albion Street North,,Friday,2015,4,November,47,924,0,924,0,0,0,924,0,9242015-11-27,9,Leeds,Briggate,,Friday,2015,4,November,47,2199,0,2199,0,0,0,2199,0,21992015-11-27,9,Leeds,"Briggate at McDonalds	",,Friday,2015,4,November,47,684,0,684,0,0,0,684,0,6842015-11-27,9,Leeds,Commercial Street at Sharps,,Friday,2015,4,November,47,1697,0,1697,0,0,0,1697,0,16972015-11-27,9,Leeds,Commercial Street at Barratts,,Friday,2015,4,November,47,1197,0,1197,0,0,0,1197,0,11972015-11-27,9,Leeds,Headrow,,Friday,2015,4,November,47,1219,0,1219,0,0,0,1219,0,12192015-11-27,9,Leeds,"Dortmund Square	",,Friday,2015,4,November,47,1338,0,1338,0,0,0,1338,0,13382015-11-27,9,Leeds,Albion Street South,,Friday,2015,4,November,47,1651,0,1651,0,0,0,1651,0,16512015-11-27,9,Leeds,Albion Street North,,Friday,2015,4,November,47,955,0,955,0,0,0,955,0,9552015-11-27,10,Leeds,Briggate,,Friday,2015,4,November,47,3780,0,3780,0,0,0,3780,0,37802015-11-27,10,Leeds,"Briggate at McDonalds	",,Friday,2015,4,November,47,1359,0,1359,0,0,0,1359,0,13592015-11-27,10,Leeds,Commercial Street at Sharps,,Friday,2015,4,November,47,2747,0,2747,0,0,0,2747,0,27472015-11-27,10,Leeds,Commercial Street at Barratts,,Friday,2015,4,November,47,1652,0,1652,0,0,0,1652,0,16522015-11-27,10,Leeds,Headrow,,Friday,2015,4,November,47,2184,0,2184,0,0,0,2184,0,21842015-11-27,10,Leeds,"Dortmund Square	",,Friday,2015,4,November,47,2047,0,2047,0,0,0,2047,0,20472015-11-27,10,Leeds,Albion Street South,,Friday,2015,4,November,47,2830,0,2830,0,0,0,2830,0,28302015-11-27,10,Leeds,Albion Street North,,Friday,2015,4,November,47,1566,0,1566,0,0,0,1566,0,15662015-11-27,11,Leeds,Briggate,,Friday,2015,4,November,47,5400,0,5400,0,0,0,5400,0,54002015-11-27,11,Leeds,"Briggate at McDonalds	",,Friday,2015,4,November,47,1958,0,1958,0,0,0,1958,0,19582015-11-27,11,Leeds,Commercial Street at Sharps,,Friday,2015,4,November,47,3907,0,3907,0,0,0,3907,0,39072015-11-27,11,Leeds,Commercial Street at Barratts,,Friday,2015,4,November,47,2350,0,2350,0,0,0,2350,0,23502015-11-27,11,Leeds,Headrow,,Friday,2015,4,November,47,2726,0,2726,0,0,0,2726,0,27262015-11-27,11,Leeds,"Dortmund Square	",,Friday,2015,4,November,47,2774,0,2774,0,0,0,2774,0,27742015-11-27,11,Leeds,Albion Street South,,Friday,2015,4,November,47,4136,0,4136,0,0,0,4136,0,41362015-11-27,11,Leeds,Albion Street North,,Friday,2015,4,November,47,2066,0,2066,0,0,0,2066,0,20662015-11-27,12,Leeds,Briggate,,Friday,2015,4,November,47,8445,0,8445,0,0,0,8445,0,84452015-11-27,12,Leeds,"Briggate at McDonalds	",,Friday,2015,4,November,47,3548,0,3548,0,0,0,3548,0,35482015-11-27,12,Leeds,Commercial Street at Sharps,,Friday,2015,4,November,47,5451,0,5451,0,0,0,5451,0,54512015-11-27,12,Leeds,Commercial Street at Barratts,,Friday,2015,4,November,47,3889,0,3889,0,0,0,3889,0,38892015-11-27,12,Leeds,Headrow,,Friday,2015,4,November,47,3823,0,3823,0,0,0,3823,0,38232015-11-27,12,Leeds,"Dortmund Square	",,Friday,2015,4,November,47,3549,0,3549,0,0,0,3549,0,35492015-11-27,12,Leeds,Albion Street South,,Friday,2015,4,November,47,5461,0,5461,0,0,0,5461,0,54612015-11-27,12,Leeds,Albion Street North,,Friday,2015,4,November,47,2659,0,2659,0,0,0,2659,0,26592015-11-27,13,Leeds,Briggate,,Friday,2015,4,November,47,7150,0,7150,0,0,0,7150,0,71502015-11-27,13,Leeds,"Briggate at McDonalds	",,Friday,2015,4,November,47,2443,0,2443,0,0,0,2443,0,24432015-11-27,13,Leeds,Commercial Street at Sharps,,Friday,2015,4,November,47,5898,0,5898,0,0,0,5898,0,58982015-11-27,13,Leeds,Commercial Street at Barratts,,Friday,2015,4,November,47,3688,0,3688,0,0,0,3688,0,36882015-11-27,13,Leeds,Headrow,,Friday,2015,4,November,47,3855,0,3855,0,0,0,3855,0,38552015-11-27,13,Leeds,"Dortmund Square	",,Friday,2015,4,November,47,3715,0,3715,0,0,0,3715,0,37152015-11-27,13,Leeds,Albion Street South,,Friday,2015,4,November,47,7698,0,7698,0,0,0,7698,0,76982015-11-27,13,Leeds,Albion Street North,,Friday,2015,4,November,47,3298,0,3298,0,0,0,3298,0,32982015-11-27,14,Leeds,Briggate,,Friday,2015,4,November,47,6654,0,6654,0,0,0,6654,0,66542015-11-27,14,Leeds,"Briggate at McDonalds	",,Friday,2015,4,November,47,2453,0,2453,0,0,0,2453,0,24532015-11-27,14,Leeds,Commercial Street at Sharps,,Friday,2015,4,November,47,4939,0,4939,0,0,0,4939,0,49392015-11-27,14,Leeds,Commercial Street at Barratts,,Friday,2015,4,November,47,3237,0,3237,0,0,0,3237,0,32372015-11-27,14,Leeds,Headrow,,Friday,2015,4,November,47,3263,0,3263,0,0,0,3263,0,32632015-11-27,14,Leeds,"Dortmund Square	",,Friday,2015,4,November,47,3330,0,3330,0,0,0,3330,0,33302015-11-27,14,Leeds,Albion Street South,,Friday,2015,4,November,47,6746,0,6746,0,0,0,6746,0,67462015-11-27,14,Leeds,Albion Street North,,Friday,2015,4,November,47,3000,0,3000,0,0,0,3000,0,30002015-11-27,15,Leeds,Briggate,,Friday,2015,4,November,47,6032,0,6032,0,0,0,6032,0,60322015-11-27,15,Leeds,"Briggate at McDonalds	",,Friday,2015,4,November,47,2277,0,2277,0,0,0,2277,0,22772015-11-27,15,Leeds,Commercial Street at Sharps,,Friday,2015,4,November,47,4566,0,4566,0,0,0,4566,0,45662015-11-27,15,Leeds,Commercial Street at Barratts,,Friday,2015,4,November,47,2901,0,2901,0,0,0,2901,0,29012015-11-27,15,Leeds,Headrow,,Friday,2015,4,November,47,3120,0,3120,0,0,0,3120,0,31202015-11-27,15,Leeds,"Dortmund Square	",,Friday,2015,4,November,47,3129,0,3129,0,0,0,3129,0,31292015-11-27,15,Leeds,Albion Street South,,Friday,2015,4,November,47,6274,0,6274,0,0,0,6274,0,62742015-11-27,15,Leeds,Albion Street North,,Friday,2015,4,November,47,2774,0,2774,0,0,0,2774,0,27742015-11-27,16,Leeds,Briggate,,Friday,2015,4,November,47,2337,0,2337,0,0,0,2337,0,23372015-11-27,16,Leeds,"Briggate at McDonalds	",,Friday,2015,4,November,47,2246,0,2246,0,0,0,2246,0,22462015-11-27,16,Leeds,Commercial Street at Sharps,,Friday,2015,4,November,47,4112,0,4112,0,0,0,4112,0,41122015-11-27,16,Leeds,Commercial Street at Barratts,,Friday,2015,4,November,47,2855,0,2855,0,0,0,2855,0,28552015-11-27,16,Leeds,Headrow,,Friday,2015,4,November,47,1579,0,1579,0,0,0,1579,0,15792015-11-27,16,Leeds,"Dortmund Square	",,Friday,2015,4,November,47,3065,0,3065,0,0,0,3065,0,30652015-11-27,16,Leeds,Albion Street South,,Friday,2015,4,November,47,5991,0,5991,0,0,0,5991,0,59912015-11-27,16,Leeds,Albion Street North,,Friday,2015,4,November,47,1765,0,1765,0,0,0,1765,0,17652015-11-27,17,Leeds,Briggate,,Friday,2015,4,November,47,2253,0,2253,0,0,0,2253,0,22532015-11-27,17,Leeds,"Briggate at McDonalds	",,Friday,2015,4,November,47,1862,0,1862,0,0,0,1862,0,18622015-11-27,17,Leeds,Commercial Street at Sharps,,Friday,2015,4,November,47,3051,0,3051,0,0,0,3051,0,30512015-11-27,17,Leeds,Commercial Street at Barratts,,Friday,2015,4,November,47,2441,0,2441,0,0,0,2441,0,24412015-11-27,17,Leeds,Headrow,,Friday,2015,4,November,47,951,0,951,0,0,0,951,0,9512015-11-27,17,Leeds,"Dortmund Square	",,Friday,2015,4,November,47,2431,0,2431,0,0,0,2431,0,24312015-11-27,17,Leeds,Albion Street South,,Friday,2015,4,November,47,4500,0,4500,0,0,0,4500,0,45002015-11-27,17,Leeds,Albion Street North,,Friday,2015,4,November,47,1491,0,1491,0,0,0,1491,0,14912015-11-27,18,Leeds,Briggate,,Friday,2015,4,November,47,1832,0,1832,0,0,0,1832,0,18322015-11-27,18,Leeds,"Briggate at McDonalds	",,Friday,2015,4,November,47,1277,0,1277,0,0,0,1277,0,12772015-11-27,18,Leeds,Commercial Street at Sharps,,Friday,2015,4,November,47,1730,0,1730,0,0,0,1730,0,17302015-11-27,18,Leeds,Commercial Street at Barratts,,Friday,2015,4,November,47,1149,0,1149,0,0,0,1149,0,11492015-11-27,18,Leeds,Headrow,,Friday,2015,4,November,47,982,0,982,0,0,0,982,0,9822015-11-27,18,Leeds,"Dortmund Square	",,Friday,2015,4,November,47,1804,0,1804,0,0,0,1804,0,18042015-11-27,18,Leeds,Albion Street South,,Friday,2015,4,November,47,2835,0,2835,0,0,0,2835,0,28352015-11-27,18,Leeds,Albion Street North,,Friday,2015,4,November,47,1012,0,1012,0,0,0,1012,0,10122015-11-27,19,Leeds,Briggate,,Friday,2015,4,November,47,1164,0,1164,0,0,0,1164,0,11642015-11-27,19,Leeds,"Briggate at McDonalds	",,Friday,2015,4,November,47,847,0,847,0,0,0,847,0,8472015-11-27,19,Leeds,Commercial Street at Sharps,,Friday,2015,4,November,47,1014,0,1014,0,0,0,1014,0,10142015-11-27,19,Leeds,Commercial Street at Barratts,,Friday,2015,4,November,47,589,0,589,0,0,0,589,0,5892015-11-27,19,Leeds,Headrow,,Friday,2015,4,November,47,462,0,462,0,0,0,462,0,4622015-11-27,19,Leeds,"Dortmund Square	",,Friday,2015,4,November,47,1225,0,1225,0,0,0,1225,0,12252015-11-27,19,Leeds,Albion Street South,,Friday,2015,4,November,47,1660,0,1660,0,0,0,1660,0,16602015-11-27,19,Leeds,Albion Street North,,Friday,2015,4,November,47,615,0,615,0,0,0,615,0,6152015-11-27,20,Leeds,Briggate,,Friday,2015,4,November,47,556,0,556,0,0,0,556,0,5562015-11-27,20,Leeds,"Briggate at McDonalds	",,Friday,2015,4,November,47,525,0,525,0,0,0,525,0,5252015-11-27,20,Leeds,Commercial Street at Sharps,,Friday,2015,4,November,47,660,0,660,0,0,0,660,0,6602015-11-27,20,Leeds,Commercial Street at Barratts,,Friday,2015,4,November,47,401,0,401,0,0,0,401,0,4012015-11-27,20,Leeds,Headrow,,Friday,2015,4,November,47,173,0,173,0,0,0,173,0,1732015-11-27,20,Leeds,"Dortmund Square	",,Friday,2015,4,November,47,875,0,875,0,0,0,875,0,8752015-11-27,20,Leeds,Albion Street South,,Friday,2015,4,November,47,1295,0,1295,0,0,0,1295,0,12952015-11-27,20,Leeds,Albion Street North,,Friday,2015,4,November,47,377,0,377,0,0,0,377,0,3772015-11-27,21,Leeds,Briggate,,Friday,2015,4,November,47,316,0,316,0,0,0,316,0,3162015-11-27,21,Leeds,"Briggate at McDonalds	",,Friday,2015,4,November,47,549,0,549,0,0,0,549,0,5492015-11-27,21,Leeds,Commercial Street at Sharps,,Friday,2015,4,November,47,374,0,374,0,0,0,374,0,3742015-11-27,21,Leeds,Commercial Street at Barratts,,Friday,2015,4,November,47,356,0,356,0,0,0,356,0,3562015-11-27,21,Leeds,Headrow,,Friday,2015,4,November,47,114,0,114,0,0,0,114,0,1142015-11-27,21,Leeds,"Dortmund Square	",,Friday,2015,4,November,47,633,0,633,0,0,0,633,0,6332015-11-27,21,Leeds,Albion Street South,,Friday,2015,4,November,47,729,0,729,0,0,0,729,0,7292015-11-27,21,Leeds,Albion Street North,,Friday,2015,4,November,47,179,0,179,0,0,0,179,0,1792015-11-27,22,Leeds,Briggate,,Friday,2015,4,November,47,466,0,466,0,0,0,466,0,4662015-11-27,22,Leeds,"Briggate at McDonalds	",,Friday,2015,4,November,47,591,0,591,0,0,0,591,0,5912015-11-27,22,Leeds,Commercial Street at Sharps,,Friday,2015,4,November,47,287,0,287,0,0,0,287,0,2872015-11-27,22,Leeds,Commercial Street at Barratts,,Friday,2015,4,November,47,265,0,265,0,0,0,265,0,2652015-11-27,22,Leeds,Headrow,,Friday,2015,4,November,47,66,0,66,0,0,0,66,0,662015-11-27,22,Leeds,"Dortmund Square	",,Friday,2015,4,November,47,459,0,459,0,0,0,459,0,4592015-11-27,22,Leeds,Albion Street South,,Friday,2015,4,November,47,776,0,776,0,0,0,776,0,7762015-11-27,22,Leeds,Albion Street North,,Friday,2015,4,November,47,226,0,226,0,0,0,226,0,2262015-11-27,23,Leeds,Briggate,,Friday,2015,4,November,47,465,0,465,0,0,0,465,0,4652015-11-27,23,Leeds,"Briggate at McDonalds	",,Friday,2015,4,November,47,482,0,482,0,0,0,482,0,4822015-11-27,23,Leeds,Commercial Street at Sharps,,Friday,2015,4,November,47,249,0,249,0,0,0,249,0,2492015-11-27,23,Leeds,Commercial Street at Barratts,,Friday,2015,4,November,47,242,0,242,0,0,0,242,0,2422015-11-27,23,Leeds,Headrow,,Friday,2015,4,November,47,315,0,315,0,0,0,315,0,3152015-11-27,23,Leeds,"Dortmund Square	",,Friday,2015,4,November,47,417,0,417,0,0,0,417,0,4172015-11-27,23,Leeds,Albion Street South,,Friday,2015,4,November,47,502,0,502,0,0,0,502,0,5022015-11-27,23,Leeds,Albion Street North,,Friday,2015,4,November,47,169,0,169,0,0,0,169,0,1692015-11-28,0,Leeds,Briggate,,Saturday,2015,4,November,47,416,0,416,0,0,0,416,0,4162015-11-28,0,Leeds,"Briggate at McDonalds	",,Saturday,2015,4,November,47,324,0,324,0,0,0,324,0,3242015-11-28,0,Leeds,Commercial Street at Sharps,,Saturday,2015,4,November,47,126,0,126,0,0,0,126,0,1262015-11-28,0,Leeds,Commercial Street at Barratts,,Saturday,2015,4,November,47,177,0,177,0,0,0,177,0,1772015-11-28,0,Leeds,Headrow,,Saturday,2015,4,November,47,245,0,245,0,0,0,245,0,2452015-11-28,0,Leeds,"Dortmund Square	",,Saturday,2015,4,November,47,295,0,295,0,0,0,295,0,2952015-11-28,0,Leeds,Albion Street South,,Saturday,2015,4,November,47,245,0,245,0,0,0,245,0,2452015-11-28,0,Leeds,Albion Street North,,Saturday,2015,4,November,47,75,0,75,0,0,0,75,0,752015-11-28,1,Leeds,Briggate,,Saturday,2015,4,November,47,369,0,369,0,0,0,369,0,3692015-11-28,1,Leeds,"Briggate at McDonalds	",,Saturday,2015,4,November,47,339,0,339,0,0,0,339,0,3392015-11-28,1,Leeds,Commercial Street at Sharps,,Saturday,2015,4,November,47,120,0,120,0,0,0,120,0,1202015-11-28,1,Leeds,Commercial Street at Barratts,,Saturday,2015,4,November,47,74,0,74,0,0,0,74,0,742015-11-28,1,Leeds,Headrow,,Saturday,2015,4,November,47,138,0,138,0,0,0,138,0,1382015-11-28,1,Leeds,"Dortmund Square	",,Saturday,2015,4,November,47,161,0,161,0,0,0,161,0,1612015-11-28,1,Leeds,Albion Street South,,Saturday,2015,4,November,47,200,0,200,0,0,0,200,0,2002015-11-28,1,Leeds,Albion Street North,,Saturday,2015,4,November,47,45,0,45,0,0,0,45,0,452015-11-28,2,Leeds,Briggate,,Saturday,2015,4,November,47,309,0,309,0,0,0,309,0,3092015-11-28,2,Leeds,"Briggate at McDonalds	",,Saturday,2015,4,November,47,257,0,257,0,0,0,257,0,2572015-11-28,2,Leeds,Commercial Street at Sharps,,Saturday,2015,4,November,47,20,0,20,0,0,0,20,0,202015-11-28,2,Leeds,Commercial Street at Barratts,,Saturday,2015,4,November,47,32,0,32,0,0,0,32,0,322015-11-28,2,Leeds,Headrow,,Saturday,2015,4,November,47,136,0,136,0,0,0,136,0,1362015-11-28,2,Leeds,"Dortmund Square	",,Saturday,2015,4,November,47,126,0,126,0,0,0,126,0,1262015-11-28,2,Leeds,Albion Street South,,Saturday,2015,4,November,47,152,0,152,0,0,0,152,0,1522015-11-28,2,Leeds,Albion Street North,,Saturday,2015,4,November,47,39,0,39,0,0,0,39,0,392015-11-28,3,Leeds,Briggate,,Saturday,2015,4,November,47,244,0,244,0,0,0,244,0,2442015-11-28,3,Leeds,"Briggate at McDonalds	",,Saturday,2015,4,November,47,200,0,200,0,0,0,200,0,2002015-11-28,3,Leeds,Commercial Street at Sharps,,Saturday,2015,4,November,47,46,0,46,0,0,0,46,0,462015-11-28,3,Leeds,Commercial Street at Barratts,,Saturday,2015,4,November,47,32,0,32,0,0,0,32,0,322015-11-28,3,Leeds,Headrow,,Saturday,2015,4,November,47,92,0,92,0,0,0,92,0,922015-11-28,3,Leeds,"Dortmund Square	",,Saturday,2015,4,November,47,123,0,123,0,0,0,123,0,1232015-11-28,3,Leeds,Albion Street South,,Saturday,2015,4,November,47,137,0,137,0,0,0,137,0,1372015-11-28,3,Leeds,Albion Street North,,Saturday,2015,4,November,47,23,0,23,0,0,0,23,0,232015-11-28,4,Leeds,Briggate,,Saturday,2015,4,November,47,247,0,247,0,0,0,247,0,2472015-11-28,4,Leeds,"Briggate at McDonalds	",,Saturday,2015,4,November,47,144,0,144,0,0,0,144,0,1442015-11-28,4,Leeds,Commercial Street at Sharps,,Saturday,2015,4,November,47,26,0,26,0,0,0,26,0,262015-11-28,4,Leeds,Commercial Street at Barratts,,Saturday,2015,4,November,47,3,0,3,0,0,0,3,0,32015-11-28,4,Leeds,Headrow,,Saturday,2015,4,November,47,66,0,66,0,0,0,66,0,662015-11-28,4,Leeds,"Dortmund Square	",,Saturday,2015,4,November,47,97,0,97,0,0,0,97,0,972015-11-28,4,Leeds,Albion Street South,,Saturday,2015,4,November,47,66,0,66,0,0,0,66,0,662015-11-28,4,Leeds,Albion Street North,,Saturday,2015,4,November,47,28,0,28,0,0,0,28,0,282015-11-28,5,Leeds,Briggate,,Saturday,2015,4,November,47,106,0,106,0,0,0,106,0,1062015-11-28,5,Leeds,"Briggate at McDonalds	",,Saturday,2015,4,November,47,82,0,82,0,0,0,82,0,822015-11-28,5,Leeds,Commercial Street at Sharps,,Saturday,2015,4,November,47,43,0,43,0,0,0,43,0,432015-11-28,5,Leeds,Commercial Street at Barratts,,Saturday,2015,4,November,47,15,0,15,0,0,0,15,0,152015-11-28,5,Leeds,Headrow,,Saturday,2015,4,November,47,49,0,49,0,0,0,49,0,492015-11-28,5,Leeds,"Dortmund Square	",,Saturday,2015,4,November,47,47,0,47,0,0,0,47,0,472015-11-28,5,Leeds,Albion Street South,,Saturday,2015,4,November,47,53,0,53,0,0,0,53,0,532015-11-28,5,Leeds,Albion Street North,,Saturday,2015,4,November,47,13,0,13,0,0,0,13,0,132015-11-28,6,Leeds,Briggate,,Saturday,2015,4,November,47,132,0,132,0,0,0,132,0,1322015-11-28,6,Leeds,"Briggate at McDonalds	",,Saturday,2015,4,November,47,118,0,118,0,0,0,118,0,1182015-11-28,6,Leeds,Commercial Street at Sharps,,Saturday,2015,4,November,47,42,0,42,0,0,0,42,0,422015-11-28,6,Leeds,Commercial Street at Barratts,,Saturday,2015,4,November,47,32,0,32,0,0,0,32,0,322015-11-28,6,Leeds,Headrow,,Saturday,2015,4,November,47,76,0,76,0,0,0,76,0,762015-11-28,6,Leeds,"Dortmund Square	",,Saturday,2015,4,November,47,68,0,68,0,0,0,68,0,682015-11-28,6,Leeds,Albion Street South,,Saturday,2015,4,November,47,38,0,38,0,0,0,38,0,382015-11-28,6,Leeds,Albion Street North,,Saturday,2015,4,November,47,22,0,22,0,0,0,22,0,222015-11-28,7,Leeds,Briggate,,Saturday,2015,4,November,47,172,0,172,0,0,0,172,0,1722015-11-28,7,Leeds,"Briggate at McDonalds	",,Saturday,2015,4,November,47,127,0,127,0,0,0,127,0,1272015-11-28,7,Leeds,Commercial Street at Sharps,,Saturday,2015,4,November,47,112,0,112,0,0,0,112,0,1122015-11-28,7,Leeds,Commercial Street at Barratts,,Saturday,2015,4,November,47,85,0,85,0,0,0,85,0,852015-11-28,7,Leeds,Headrow,,Saturday,2015,4,November,47,108,0,108,0,0,0,108,0,1082015-11-28,7,Leeds,"Dortmund Square	",,Saturday,2015,4,November,47,116,0,116,0,0,0,116,0,1162015-11-28,7,Leeds,Albion Street South,,Saturday,2015,4,November,47,107,0,107,0,0,0,107,0,1072015-11-28,7,Leeds,Albion Street North,,Saturday,2015,4,November,47,52,0,52,0,0,0,52,0,522015-11-28,8,Leeds,Briggate,,Saturday,2015,4,November,47,647,0,647,0,0,0,647,0,6472015-11-28,8,Leeds,"Briggate at McDonalds	",,Saturday,2015,4,November,47,365,0,365,0,0,0,365,0,3652015-11-28,8,Leeds,Commercial Street at Sharps,,Saturday,2015,4,November,47,439,0,439,0,0,0,439,0,4392015-11-28,8,Leeds,Commercial Street at Barratts,,Saturday,2015,4,November,47,320,0,320,0,0,0,320,0,3202015-11-28,8,Leeds,Headrow,,Saturday,2015,4,November,47,335,0,335,0,0,0,335,0,3352015-11-28,8,Leeds,"Dortmund Square	",,Saturday,2015,4,November,47,246,0,246,0,0,0,246,0,2462015-11-28,8,Leeds,Albion Street South,,Saturday,2015,4,November,47,432,0,432,0,0,0,432,0,4322015-11-28,8,Leeds,Albion Street North,,Saturday,2015,4,November,47,306,0,306,0,0,0,306,0,3062015-11-28,9,Leeds,Briggate,,Saturday,2015,4,November,47,1888,0,1888,0,0,0,1888,0,18882015-11-28,9,Leeds,"Briggate at McDonalds	",,Saturday,2015,4,November,47,796,0,796,0,0,0,796,0,7962015-11-28,9,Leeds,Commercial Street at Sharps,,Saturday,2015,4,November,47,1403,0,1403,0,0,0,1403,0,14032015-11-28,9,Leeds,Commercial Street at Barratts,,Saturday,2015,4,November,47,945,0,945,0,0,0,945,0,9452015-11-28,9,Leeds,Headrow,,Saturday,2015,4,November,47,1059,0,1059,0,0,0,1059,0,10592015-11-28,9,Leeds,"Dortmund Square	",,Saturday,2015,4,November,47,828,0,828,0,0,0,828,0,8282015-11-28,9,Leeds,Albion Street South,,Saturday,2015,4,November,47,1223,0,1223,0,0,0,1223,0,12232015-11-28,9,Leeds,Albion Street North,,Saturday,2015,4,November,47,783,0,783,0,0,0,783,0,7832015-11-28,10,Leeds,Briggate,,Saturday,2015,4,November,47,3860,0,3860,0,0,0,3860,0,38602015-11-28,10,Leeds,"Briggate at McDonalds	",,Saturday,2015,4,November,47,1489,0,1489,0,0,0,1489,0,14892015-11-28,10,Leeds,Commercial Street at Sharps,,Saturday,2015,4,November,47,2913,0,2913,0,0,0,2913,0,29132015-11-28,10,Leeds,Commercial Street at Barratts,,Saturday,2015,4,November,47,1960,0,1960,0,0,0,1960,0,19602015-11-28,10,Leeds,Headrow,,Saturday,2015,4,November,47,1902,0,1902,0,0,0,1902,0,19022015-11-28,10,Leeds,"Dortmund Square	",,Saturday,2015,4,November,47,1736,0,1736,0,0,0,1736,0,17362015-11-28,10,Leeds,Albion Street South,,Saturday,2015,4,November,47,3009,0,3009,0,0,0,3009,0,30092015-11-28,10,Leeds,Albion Street North,,Saturday,2015,4,November,47,1646,0,1646,0,0,0,1646,0,16462015-11-28,11,Leeds,Briggate,,Saturday,2015,4,November,47,6098,0,6098,0,0,0,6098,0,60982015-11-28,11,Leeds,"Briggate at McDonalds	",,Saturday,2015,4,November,47,2185,0,2185,0,0,0,2185,0,21852015-11-28,11,Leeds,Commercial Street at Sharps,,Saturday,2015,4,November,47,4290,0,4290,0,0,0,4290,0,42902015-11-28,11,Leeds,Commercial Street at Barratts,,Saturday,2015,4,November,47,3192,0,3192,0,0,0,3192,0,31922015-11-28,11,Leeds,Headrow,,Saturday,2015,4,November,47,2797,0,2797,0,0,0,2797,0,27972015-11-28,11,Leeds,"Dortmund Square	",,Saturday,2015,4,November,47,2680,0,2680,0,0,0,2680,0,26802015-11-28,11,Leeds,Albion Street South,,Saturday,2015,4,November,47,6517,0,6517,0,0,0,6517,0,65172015-11-28,11,Leeds,Albion Street North,,Saturday,2015,4,November,47,2924,0,2924,0,0,0,2924,0,29242015-11-28,12,Leeds,Briggate,,Saturday,2015,4,November,47,7589,0,7589,0,0,0,7589,0,75892015-11-28,12,Leeds,"Briggate at McDonalds	",,Saturday,2015,4,November,47,2554,0,2554,0,0,0,2554,0,25542015-11-28,12,Leeds,Commercial Street at Sharps,,Saturday,2015,4,November,47,4864,0,4864,0,0,0,4864,0,48642015-11-28,12,Leeds,Commercial Street at Barratts,,Saturday,2015,4,November,47,4372,0,4372,0,0,0,4372,0,43722015-11-28,12,Leeds,Headrow,,Saturday,2015,4,November,47,3409,0,3409,0,0,0,3409,0,34092015-11-28,12,Leeds,"Dortmund Square	",,Saturday,2015,4,November,47,3157,0,3157,0,0,0,3157,0,31572015-11-28,12,Leeds,Albion Street South,,Saturday,2015,4,November,47,8446,0,8446,0,0,0,8446,0,84462015-11-28,12,Leeds,Albion Street North,,Saturday,2015,4,November,47,3622,0,3622,0,0,0,3622,0,36222015-11-28,13,Leeds,Briggate,,Saturday,2015,4,November,47,8405,0,8405,0,0,0,8405,0,84052015-11-28,13,Leeds,"Briggate at McDonalds	",,Saturday,2015,4,November,47,2901,0,2901,0,0,0,2901,0,29012015-11-28,13,Leeds,Commercial Street at Sharps,,Saturday,2015,4,November,47,5230,0,5230,0,0,0,5230,0,52302015-11-28,13,Leeds,Commercial Street at Barratts,,Saturday,2015,4,November,47,4666,0,4666,0,0,0,4666,0,46662015-11-28,13,Leeds,Headrow,,Saturday,2015,4,November,47,3501,0,3501,0,0,0,3501,0,35012015-11-28,13,Leeds,"Dortmund Square	",,Saturday,2015,4,November,47,3424,0,3424,0,0,0,3424,0,34242015-11-28,13,Leeds,Albion Street South,,Saturday,2015,4,November,47,9032,0,9032,0,0,0,9032,0,90322015-11-28,13,Leeds,Albion Street North,,Saturday,2015,4,November,47,3115,0,3115,0,0,0,3115,0,31152015-11-28,14,Leeds,Briggate,,Saturday,2015,4,November,47,9069,0,9069,0,0,0,9069,0,90692015-11-28,14,Leeds,"Briggate at McDonalds	",,Saturday,2015,4,November,47,3133,0,3133,0,0,0,3133,0,31332015-11-28,14,Leeds,Commercial Street at Sharps,,Saturday,2015,4,November,47,5764,0,5764,0,0,0,5764,0,57642015-11-28,14,Leeds,Commercial Street at Barratts,,Saturday,2015,4,November,47,4686,0,4686,0,0,0,4686,0,46862015-11-28,14,Leeds,Headrow,,Saturday,2015,4,November,47,4083,0,4083,0,0,0,4083,0,40832015-11-28,14,Leeds,"Dortmund Square	",,Saturday,2015,4,November,47,3621,0,3621,0,0,0,3621,0,36212015-11-28,14,Leeds,Albion Street South,,Saturday,2015,4,November,47,9658,0,9658,0,0,0,9658,0,96582015-11-28,14,Leeds,Albion Street North,,Saturday,2015,4,November,47,2425,0,2425,0,0,0,2425,0,24252015-11-28,15,Leeds,Briggate,,Saturday,2015,4,November,47,6136,0,6136,0,0,0,6136,0,61362015-11-28,15,Leeds,"Briggate at McDonalds	",,Saturday,2015,4,November,47,2692,0,2692,0,0,0,2692,0,26922015-11-28,15,Leeds,Commercial Street at Sharps,,Saturday,2015,4,November,47,5272,0,5272,0,0,0,5272,0,52722015-11-28,15,Leeds,Commercial Street at Barratts,,Saturday,2015,4,November,47,4766,0,4766,0,0,0,4766,0,47662015-11-28,15,Leeds,Headrow,,Saturday,2015,4,November,47,3698,0,3698,0,0,0,3698,0,36982015-11-28,15,Leeds,"Dortmund Square	",,Saturday,2015,4,November,47,3542,0,3542,0,0,0,3542,0,35422015-11-28,15,Leeds,Albion Street South,,Saturday,2015,4,November,47,6922,0,6922,0,0,0,6922,0,69222015-11-28,15,Leeds,Albion Street North,,Saturday,2015,4,November,47,2072,0,2072,0,0,0,2072,0,20722015-11-28,16,Leeds,Briggate,,Saturday,2015,4,November,47,2931,0,2931,0,0,0,2931,0,29312015-11-28,16,Leeds,"Briggate at McDonalds	",,Saturday,2015,4,November,47,2196,0,2196,0,0,0,2196,0,21962015-11-28,16,Leeds,Commercial Street at Sharps,,Saturday,2015,4,November,47,4036,0,4036,0,0,0,4036,0,40362015-11-28,16,Leeds,Commercial Street at Barratts,,Saturday,2015,4,November,47,3577,0,3577,0,0,0,3577,0,35772015-11-28,16,Leeds,Headrow,,Saturday,2015,4,November,47,1172,0,1172,0,0,0,1172,0,11722015-11-28,16,Leeds,"Dortmund Square	",,Saturday,2015,4,November,47,2636,0,2636,0,0,0,2636,0,26362015-11-28,16,Leeds,Albion Street South,,Saturday,2015,4,November,47,7454,0,7454,0,0,0,7454,0,74542015-11-28,16,Leeds,Albion Street North,,Saturday,2015,4,November,47,1650,0,1650,0,0,0,1650,0,16502015-11-28,17,Leeds,Briggate,,Saturday,2015,4,November,47,2129,0,2129,0,0,0,2129,0,21292015-11-28,17,Leeds,"Briggate at McDonalds	",,Saturday,2015,4,November,47,1895,0,1895,0,0,0,1895,0,18952015-11-28,17,Leeds,Commercial Street at Sharps,,Saturday,2015,4,November,47,2943,0,2943,0,0,0,2943,0,29432015-11-28,17,Leeds,Commercial Street at Barratts,,Saturday,2015,4,November,47,2215,0,2215,0,0,0,2215,0,22152015-11-28,17,Leeds,Headrow,,Saturday,2015,4,November,47,916,0,916,0,0,0,916,0,9162015-11-28,17,Leeds,"Dortmund Square	",,Saturday,2015,4,November,47,2197,0,2197,0,0,0,2197,0,21972015-11-28,17,Leeds,Albion Street South,,Saturday,2015,4,November,47,5440,0,5440,0,0,0,5440,0,54402015-11-28,17,Leeds,Albion Street North,,Saturday,2015,4,November,47,1366,0,1366,0,0,0,1366,0,13662015-11-28,18,Leeds,Briggate,,Saturday,2015,4,November,47,1182,0,1182,0,0,0,1182,0,11822015-11-28,18,Leeds,"Briggate at McDonalds	",,Saturday,2015,4,November,47,971,0,971,0,0,0,971,0,9712015-11-28,18,Leeds,Commercial Street at Sharps,,Saturday,2015,4,November,47,1456,0,1456,0,0,0,1456,0,14562015-11-28,18,Leeds,Commercial Street at Barratts,,Saturday,2015,4,November,47,993,0,993,0,0,0,993,0,9932015-11-28,18,Leeds,Headrow,,Saturday,2015,4,November,47,584,0,584,0,0,0,584,0,5842015-11-28,18,Leeds,"Dortmund Square	",,Saturday,2015,4,November,47,1539,0,1539,0,0,0,1539,0,15392015-11-28,18,Leeds,Albion Street South,,Saturday,2015,4,November,47,2651,0,2651,0,0,0,2651,0,26512015-11-28,18,Leeds,Albion Street North,,Saturday,2015,4,November,47,693,0,693,0,0,0,693,0,6932015-11-28,19,Leeds,Briggate,,Saturday,2015,4,November,47,625,0,625,0,0,0,625,0,6252015-11-28,19,Leeds,"Briggate at McDonalds	",,Saturday,2015,4,November,47,641,0,641,0,0,0,641,0,6412015-11-28,19,Leeds,Commercial Street at Sharps,,Saturday,2015,4,November,47,712,0,712,0,0,0,712,0,7122015-11-28,19,Leeds,Commercial Street at Barratts,,Saturday,2015,4,November,47,568,0,568,0,0,0,568,0,5682015-11-28,19,Leeds,Headrow,,Saturday,2015,4,November,47,464,0,464,0,0,0,464,0,4642015-11-28,19,Leeds,"Dortmund Square	",,Saturday,2015,4,November,47,914,0,914,0,0,0,914,0,9142015-11-28,19,Leeds,Albion Street South,,Saturday,2015,4,November,47,1543,0,1543,0,0,0,1543,0,15432015-11-28,19,Leeds,Albion Street North,,Saturday,2015,4,November,47,252,0,252,0,0,0,252,0,2522015-11-28,20,Leeds,Briggate,,Saturday,2015,4,November,47,344,0,344,0,0,0,344,0,3442015-11-28,20,Leeds,"Briggate at McDonalds	",,Saturday,2015,4,November,47,360,0,360,0,0,0,360,0,3602015-11-28,20,Leeds,Commercial Street at Sharps,,Saturday,2015,4,November,47,373,0,373,0,0,0,373,0,3732015-11-28,20,Leeds,Commercial Street at Barratts,,Saturday,2015,4,November,47,397,0,397,0,0,0,397,0,3972015-11-28,20,Leeds,Headrow,,Saturday,2015,4,November,47,364,0,364,0,0,0,364,0,3642015-11-28,20,Leeds,"Dortmund Square	",,Saturday,2015,4,November,47,460,0,460,0,0,0,460,0,4602015-11-28,20,Leeds,Albion Street South,,Saturday,2015,4,November,47,657,0,657,0,0,0,657,0,6572015-11-28,20,Leeds,Albion Street North,,Saturday,2015,4,November,47,88,0,88,0,0,0,88,0,882015-11-28,21,Leeds,Briggate,,Saturday,2015,4,November,47,345,0,345,0,0,0,345,0,3452015-11-28,21,Leeds,"Briggate at McDonalds	",,Saturday,2015,4,November,47,360,0,360,0,0,0,360,0,3602015-11-28,21,Leeds,Commercial Street at Sharps,,Saturday,2015,4,November,47,229,0,229,0,0,0,229,0,2292015-11-28,21,Leeds,Commercial Street at Barratts,,Saturday,2015,4,November,47,280,0,280,0,0,0,280,0,2802015-11-28,21,Leeds,Headrow,,Saturday,2015,4,November,47,260,0,260,0,0,0,260,0,2602015-11-28,21,Leeds,"Dortmund Square	",,Saturday,2015,4,November,47,387,0,387,0,0,0,387,0,3872015-11-28,21,Leeds,Albion Street South,,Saturday,2015,4,November,47,422,0,422,0,0,0,422,0,4222015-11-28,21,Leeds,Albion Street North,,Saturday,2015,4,November,47,91,0,91,0,0,0,91,0,912015-11-28,22,Leeds,Briggate,,Saturday,2015,4,November,47,463,0,463,0,0,0,463,0,4632015-11-28,22,Leeds,"Briggate at McDonalds	",,Saturday,2015,4,November,47,553,0,553,0,0,0,553,0,5532015-11-28,22,Leeds,Commercial Street at Sharps,,Saturday,2015,4,November,47,302,0,302,0,0,0,302,0,3022015-11-28,22,Leeds,Commercial Street at Barratts,,Saturday,2015,4,November,47,251,0,251,0,0,0,251,0,2512015-11-28,22,Leeds,Headrow,,Saturday,2015,4,November,47,116,0,116,0,0,0,116,0,1162015-11-28,22,Leeds,"Dortmund Square	",,Saturday,2015,4,November,47,484,0,484,0,0,0,484,0,4842015-11-28,22,Leeds,Albion Street South,,Saturday,2015,4,November,47,357,0,357,0,0,0,357,0,3572015-11-28,22,Leeds,Albion Street North,,Saturday,2015,4,November,47,96,0,96,0,0,0,96,0,962015-11-28,23,Leeds,Briggate,,Saturday,2015,4,November,47,544,0,544,0,0,0,544,0,5442015-11-28,23,Leeds,"Briggate at McDonalds	",,Saturday,2015,4,November,47,508,0,508,0,0,0,508,0,5082015-11-28,23,Leeds,Commercial Street at Sharps,,Saturday,2015,4,November,47,286,0,286,0,0,0,286,0,2862015-11-28,23,Leeds,Commercial Street at Barratts,,Saturday,2015,4,November,47,327,0,327,0,0,0,327,0,3272015-11-28,23,Leeds,Headrow,,Saturday,2015,4,November,47,329,0,329,0,0,0,329,0,3292015-11-28,23,Leeds,"Dortmund Square	",,Saturday,2015,4,November,47,439,0,439,0,0,0,439,0,4392015-11-28,23,Leeds,Albion Street South,,Saturday,2015,4,November,47,394,0,394,0,0,0,394,0,3942015-11-28,23,Leeds,Albion Street North,,Saturday,2015,4,November,47,309,0,309,0,0,0,309,0,3092015-11-29,0,Leeds,Briggate,,Sunday,2015,4,November,47,628,0,628,0,0,0,628,0,6282015-11-29,0,Leeds,"Briggate at McDonalds	",,Sunday,2015,4,November,47,321,0,321,0,0,0,321,0,3212015-11-29,0,Leeds,Commercial Street at Sharps,,Sunday,2015,4,November,47,160,0,160,0,0,0,160,0,1602015-11-29,0,Leeds,Commercial Street at Barratts,,Sunday,2015,4,November,47,225,0,225,0,0,0,225,0,2252015-11-29,0,Leeds,Headrow,,Sunday,2015,4,November,47,225,0,225,0,0,0,225,0,2252015-11-29,0,Leeds,"Dortmund Square	",,Sunday,2015,4,November,47,265,0,265,0,0,0,265,0,2652015-11-29,0,Leeds,Albion Street South,,Sunday,2015,4,November,47,14,0,14,0,0,0,14,0,142015-11-29,0,Leeds,Albion Street North,,Sunday,2015,4,November,47,24,0,24,0,0,0,24,0,242015-11-29,1,Leeds,Briggate,,Sunday,2015,4,November,47,568,0,568,0,0,0,568,0,5682015-11-29,1,Leeds,"Briggate at McDonalds	",,Sunday,2015,4,November,47,316,0,316,0,0,0,316,0,3162015-11-29,1,Leeds,Commercial Street at Sharps,,Sunday,2015,4,November,47,156,0,156,0,0,0,156,0,1562015-11-29,1,Leeds,Commercial Street at Barratts,,Sunday,2015,4,November,47,106,0,106,0,0,0,106,0,1062015-11-29,1,Leeds,Headrow,,Sunday,2015,4,November,47,168,0,168,0,0,0,168,0,1682015-11-29,1,Leeds,"Dortmund Square	",,Sunday,2015,4,November,47,208,0,208,0,0,0,208,0,2082015-11-29,1,Leeds,Albion Street South,,Sunday,2015,4,November,47,230,0,230,0,0,0,230,0,2302015-11-29,1,Leeds,Albion Street North,,Sunday,2015,4,November,47,121,0,121,0,0,0,121,0,1212015-11-29,2,Leeds,Briggate,,Sunday,2015,4,November,47,452,0,452,0,0,0,452,0,4522015-11-29,2,Leeds,"Briggate at McDonalds	",,Sunday,2015,4,November,47,273,0,273,0,0,0,273,0,2732015-11-29,2,Leeds,Commercial Street at Sharps,,Sunday,2015,4,November,47,50,0,50,0,0,0,50,0,502015-11-29,2,Leeds,Commercial Street at Barratts,,Sunday,2015,4,November,47,67,0,67,0,0,0,67,0,672015-11-29,2,Leeds,Headrow,,Sunday,2015,4,November,47,160,0,160,0,0,0,160,0,1602015-11-29,2,Leeds,"Dortmund Square	",,Sunday,2015,4,November,47,138,0,138,0,0,0,138,0,1382015-11-29,2,Leeds,Albion Street South,,Sunday,2015,4,November,47,164,0,164,0,0,0,164,0,1642015-11-29,2,Leeds,Albion Street North,,Sunday,2015,4,November,47,103,0,103,0,0,0,103,0,1032015-11-29,3,Leeds,Briggate,,Sunday,2015,4,November,47,337,0,337,0,0,0,337,0,3372015-11-29,3,Leeds,"Briggate at McDonalds	",,Sunday,2015,4,November,47,140,0,140,0,0,0,140,0,1402015-11-29,3,Leeds,Commercial Street at Sharps,,Sunday,2015,4,November,47,44,0,44,0,0,0,44,0,442015-11-29,3,Leeds,Commercial Street at Barratts,,Sunday,2015,4,November,47,54,0,54,0,0,0,54,0,542015-11-29,3,Leeds,Headrow,,Sunday,2015,4,November,47,73,0,73,0,0,0,73,0,732015-11-29,3,Leeds,"Dortmund Square	",,Sunday,2015,4,November,47,135,0,135,0,0,0,135,0,1352015-11-29,3,Leeds,Albion Street South,,Sunday,2015,4,November,47,129,0,129,0,0,0,129,0,1292015-11-29,3,Leeds,Albion Street North,,Sunday,2015,4,November,47,64,0,64,0,0,0,64,0,642015-11-29,4,Leeds,Briggate,,Sunday,2015,4,November,47,303,0,303,0,0,0,303,0,3032015-11-29,4,Leeds,"Briggate at McDonalds	",,Sunday,2015,4,November,47,108,0,108,0,0,0,108,0,1082015-11-29,4,Leeds,Commercial Street at Sharps,,Sunday,2015,4,November,47,21,0,21,0,0,0,21,0,212015-11-29,4,Leeds,Commercial Street at Barratts,,Sunday,2015,4,November,47,13,0,13,0,0,0,13,0,132015-11-29,4,Leeds,Headrow,,Sunday,2015,4,November,47,40,0,40,0,0,0,40,0,402015-11-29,4,Leeds,"Dortmund Square	",,Sunday,2015,4,November,47,81,0,81,0,0,0,81,0,812015-11-29,4,Leeds,Albion Street South,,Sunday,2015,4,November,47,75,0,75,0,0,0,75,0,752015-11-29,4,Leeds,Albion Street North,,Sunday,2015,4,November,47,59,0,59,0,0,0,59,0,592015-11-29,5,Leeds,Briggate,,Sunday,2015,4,November,47,171,0,171,0,0,0,171,0,1712015-11-29,5,Leeds,"Briggate at McDonalds	",,Sunday,2015,4,November,47,58,0,58,0,0,0,58,0,582015-11-29,5,Leeds,Commercial Street at Sharps,,Sunday,2015,4,November,47,28,0,28,0,0,0,28,0,282015-11-29,5,Leeds,Commercial Street at Barratts,,Sunday,2015,4,November,47,0,0,0,0,0,0,0,0,02015-11-29,5,Leeds,Headrow,,Sunday,2015,4,November,47,23,0,23,0,0,0,23,0,232015-11-29,5,Leeds,"Dortmund Square	",,Sunday,2015,4,November,47,48,0,48,0,0,0,48,0,482015-11-29,5,Leeds,Albion Street South,,Sunday,2015,4,November,47,75,0,75,0,0,0,75,0,752015-11-29,5,Leeds,Albion Street North,,Sunday,2015,4,November,47,26,0,26,0,0,0,26,0,262015-11-29,6,Leeds,Briggate,,Sunday,2015,4,November,47,134,0,134,0,0,0,134,0,1342015-11-29,6,Leeds,"Briggate at McDonalds	",,Sunday,2015,4,November,47,50,0,50,0,0,0,50,0,502015-11-29,6,Leeds,Commercial Street at Sharps,,Sunday,2015,4,November,47,16,0,16,0,0,0,16,0,162015-11-29,6,Leeds,Commercial Street at Barratts,,Sunday,2015,4,November,47,10,0,10,0,0,0,10,0,102015-11-29,6,Leeds,Headrow,,Sunday,2015,4,November,47,25,0,25,0,0,0,25,0,252015-11-29,6,Leeds,"Dortmund Square	",,Sunday,2015,4,November,47,37,0,37,0,0,0,37,0,372015-11-29,6,Leeds,Albion Street South,,Sunday,2015,4,November,47,50,0,50,0,0,0,50,0,502015-11-29,6,Leeds,Albion Street North,,Sunday,2015,4,November,47,37,0,37,0,0,0,37,0,372015-11-29,7,Leeds,Briggate,,Sunday,2015,4,November,47,196,0,196,0,0,0,196,0,1962015-11-29,7,Leeds,"Briggate at McDonalds	",,Sunday,2015,4,November,47,74,0,74,0,0,0,74,0,742015-11-29,7,Leeds,Commercial Street at Sharps,,Sunday,2015,4,November,47,46,0,46,0,0,0,46,0,462015-11-29,7,Leeds,Commercial Street at Barratts,,Sunday,2015,4,November,47,27,0,27,0,0,0,27,0,272015-11-29,7,Leeds,Headrow,,Sunday,2015,4,November,47,61,0,61,0,0,0,61,0,612015-11-29,7,Leeds,"Dortmund Square	",,Sunday,2015,4,November,47,76,0,76,0,0,0,76,0,762015-11-29,7,Leeds,Albion Street South,,Sunday,2015,4,November,47,43,0,43,0,0,0,43,0,432015-11-29,7,Leeds,Albion Street North,,Sunday,2015,4,November,47,65,0,65,0,0,0,65,0,652015-11-29,8,Leeds,Briggate,,Sunday,2015,4,November,47,335,0,335,0,0,0,335,0,3352015-11-29,8,Leeds,"Briggate at McDonalds	",,Sunday,2015,4,November,47,172,0,172,0,0,0,172,0,1722015-11-29,8,Leeds,Commercial Street at Sharps,,Sunday,2015,4,November,47,141,0,141,0,0,0,141,0,1412015-11-29,8,Leeds,Commercial Street at Barratts,,Sunday,2015,4,November,47,27,0,27,0,0,0,27,0,272015-11-29,8,Leeds,Headrow,,Sunday,2015,4,November,47,92,0,92,0,0,0,92,0,922015-11-29,8,Leeds,"Dortmund Square	",,Sunday,2015,4,November,47,79,0,79,0,0,0,79,0,792015-11-29,8,Leeds,Albion Street South,,Sunday,2015,4,November,47,69,0,69,0,0,0,69,0,692015-11-29,8,Leeds,Albion Street North,,Sunday,2015,4,November,47,103,0,103,0,0,0,103,0,1032015-11-29,9,Leeds,Briggate,,Sunday,2015,4,November,47,558,0,558,0,0,0,558,0,5582015-11-29,9,Leeds,"Briggate at McDonalds	",,Sunday,2015,4,November,47,238,0,238,0,0,0,238,0,2382015-11-29,9,Leeds,Commercial Street at Sharps,,Sunday,2015,4,November,47,209,0,209,0,0,0,209,0,2092015-11-29,9,Leeds,Commercial Street at Barratts,,Sunday,2015,4,November,47,78,0,78,0,0,0,78,0,782015-11-29,9,Leeds,Headrow,,Sunday,2015,4,November,47,224,0,224,0,0,0,224,0,2242015-11-29,9,Leeds,"Dortmund Square	",,Sunday,2015,4,November,47,137,0,137,0,0,0,137,0,1372015-11-29,9,Leeds,Albion Street South,,Sunday,2015,4,November,47,224,0,224,0,0,0,224,0,2242015-11-29,9,Leeds,Albion Street North,,Sunday,2015,4,November,47,201,0,201,0,0,0,201,0,2012015-11-29,10,Leeds,Briggate,,Sunday,2015,4,November,47,1679,0,1679,0,0,0,1679,0,16792015-11-29,10,Leeds,"Briggate at McDonalds	",,Sunday,2015,4,November,47,557,0,557,0,0,0,557,0,5572015-11-29,10,Leeds,Commercial Street at Sharps,,Sunday,2015,4,November,47,711,0,711,0,0,0,711,0,7112015-11-29,10,Leeds,Commercial Street at Barratts,,Sunday,2015,4,November,47,287,0,287,0,0,0,287,0,2872015-11-29,10,Leeds,Headrow,,Sunday,2015,4,November,47,663,0,663,0,0,0,663,0,6632015-11-29,10,Leeds,"Dortmund Square	",,Sunday,2015,4,November,47,525,0,525,0,0,0,525,0,5252015-11-29,10,Leeds,Albion Street South,,Sunday,2015,4,November,47,734,0,734,0,0,0,734,0,7342015-11-29,10,Leeds,Albion Street North,,Sunday,2015,4,November,47,617,0,617,0,0,0,617,0,6172015-11-29,11,Leeds,Briggate,,Sunday,2015,4,November,47,4089,0,4089,0,0,0,4089,0,40892015-11-29,11,Leeds,"Briggate at McDonalds	",,Sunday,2015,4,November,47,967,0,967,0,0,0,967,0,9672015-11-29,11,Leeds,Commercial Street at Sharps,,Sunday,2015,4,November,47,1996,0,1996,0,0,0,1996,0,19962015-11-29,11,Leeds,Commercial Street at Barratts,,Sunday,2015,4,November,47,759,0,759,0,0,0,759,0,7592015-11-29,11,Leeds,Headrow,,Sunday,2015,4,November,47,1496,0,1496,0,0,0,1496,0,14962015-11-29,11,Leeds,"Dortmund Square	",,Sunday,2015,4,November,47,1282,0,1282,0,0,0,1282,0,12822015-11-29,11,Leeds,Albion Street South,,Sunday,2015,4,November,47,2167,0,2167,0,0,0,2167,0,21672015-11-29,11,Leeds,Albion Street North,,Sunday,2015,4,November,47,1716,0,1716,0,0,0,1716,0,17162015-11-29,12,Leeds,Briggate,,Sunday,2015,4,November,47,5699,0,5699,0,0,0,5699,0,56992015-11-29,12,Leeds,"Briggate at McDonalds	",,Sunday,2015,4,November,47,1364,0,1364,0,0,0,1364,0,13642015-11-29,12,Leeds,Commercial Street at Sharps,,Sunday,2015,4,November,47,2884,0,2884,0,0,0,2884,0,28842015-11-29,12,Leeds,Commercial Street at Barratts,,Sunday,2015,4,November,47,1284,0,1284,0,0,0,1284,0,12842015-11-29,12,Leeds,Headrow,,Sunday,2015,4,November,47,1823,0,1823,0,0,0,1823,0,18232015-11-29,12,Leeds,"Dortmund Square	",,Sunday,2015,4,November,47,1669,0,1669,0,0,0,1669,0,16692015-11-29,12,Leeds,Albion Street South,,Sunday,2015,4,November,47,3433,0,3433,0,0,0,3433,0,34332015-11-29,12,Leeds,Albion Street North,,Sunday,2015,4,November,47,1712,0,1712,0,0,0,1712,0,17122015-11-29,13,Leeds,Briggate,,Sunday,2015,4,November,47,6276,0,6276,0,0,0,6276,0,62762015-11-29,13,Leeds,"Briggate at McDonalds	",,Sunday,2015,4,November,47,1434,0,1434,0,0,0,1434,0,14342015-11-29,13,Leeds,Commercial Street at Sharps,,Sunday,2015,4,November,47,3246,0,3246,0,0,0,3246,0,32462015-11-29,13,Leeds,Commercial Street at Barratts,,Sunday,2015,4,November,47,1635,0,1635,0,0,0,1635,0,16352015-11-29,13,Leeds,Headrow,,Sunday,2015,4,November,47,2823,0,2823,0,0,0,2823,0,28232015-11-29,13,Leeds,"Dortmund Square	",,Sunday,2015,4,November,47,1790,0,1790,0,0,0,1790,0,17902015-11-29,13,Leeds,Albion Street South,,Sunday,2015,4,November,47,3386,0,3386,0,0,0,3386,0,33862015-11-29,13,Leeds,Albion Street North,,Sunday,2015,4,November,47,2157,0,2157,0,0,0,2157,0,21572015-11-29,14,Leeds,Briggate,,Sunday,2015,4,November,47,6394,0,6394,0,0,0,6394,0,63942015-11-29,14,Leeds,"Briggate at McDonalds	",,Sunday,2015,4,November,47,1511,0,1511,0,0,0,1511,0,15112015-11-29,14,Leeds,Commercial Street at Sharps,,Sunday,2015,4,November,47,3202,0,3202,0,0,0,3202,0,32022015-11-29,14,Leeds,Commercial Street at Barratts,,Sunday,2015,4,November,47,1801,0,1801,0,0,0,1801,0,18012015-11-29,14,Leeds,Headrow,,Sunday,2015,4,November,47,2127,0,2127,0,0,0,2127,0,21272015-11-29,14,Leeds,"Dortmund Square	",,Sunday,2015,4,November,47,1840,0,1840,0,0,0,1840,0,18402015-11-29,14,Leeds,Albion Street South,,Sunday,2015,4,November,47,4069,0,4069,0,0,0,4069,0,40692015-11-29,14,Leeds,Albion Street North,,Sunday,2015,4,November,47,2326,0,2326,0,0,0,2326,0,23262015-11-29,15,Leeds,Briggate,,Sunday,2015,4,November,47,5590,0,5590,0,0,0,5590,0,55902015-11-29,15,Leeds,"Briggate at McDonalds	",,Sunday,2015,4,November,47,1416,0,1416,0,0,0,1416,0,14162015-11-29,15,Leeds,Commercial Street at Sharps,,Sunday,2015,4,November,47,3071,0,3071,0,0,0,3071,0,30712015-11-29,15,Leeds,Commercial Street at Barratts,,Sunday,2015,4,November,47,1317,0,1317,0,0,0,1317,0,13172015-11-29,15,Leeds,Headrow,,Sunday,2015,4,November,47,1899,0,1899,0,0,0,1899,0,18992015-11-29,15,Leeds,"Dortmund Square	",,Sunday,2015,4,November,47,1921,0,1921,0,0,0,1921,0,19212015-11-29,15,Leeds,Albion Street South,,Sunday,2015,4,November,47,3799,0,3799,0,0,0,3799,0,37992015-11-29,15,Leeds,Albion Street North,,Sunday,2015,4,November,47,2125,0,2125,0,0,0,2125,0,21252015-11-29,16,Leeds,Briggate,,Sunday,2015,4,November,47,1850,0,1850,0,0,0,1850,0,18502015-11-29,16,Leeds,"Briggate at McDonalds	",,Sunday,2015,4,November,47,964,0,964,0,0,0,964,0,9642015-11-29,16,Leeds,Commercial Street at Sharps,,Sunday,2015,4,November,47,1933,0,1933,0,0,0,1933,0,19332015-11-29,16,Leeds,Commercial Street at Barratts,,Sunday,2015,4,November,47,1045,0,1045,0,0,0,1045,0,10452015-11-29,16,Leeds,Headrow,,Sunday,2015,4,November,47,387,0,387,0,0,0,387,0,3872015-11-29,16,Leeds,"Dortmund Square	",,Sunday,2015,4,November,47,1465,0,1465,0,0,0,1465,0,14652015-11-29,16,Leeds,Albion Street South,,Sunday,2015,4,November,47,2547,0,2547,0,0,0,2547,0,25472015-11-29,16,Leeds,Albion Street North,,Sunday,2015,4,November,47,1150,0,1150,0,0,0,1150,0,11502015-11-29,17,Leeds,Briggate,,Sunday,2015,4,November,47,836,0,836,0,0,0,836,0,8362015-11-29,17,Leeds,"Briggate at McDonalds	",,Sunday,2015,4,November,47,526,0,526,0,0,0,526,0,5262015-11-29,17,Leeds,Commercial Street at Sharps,,Sunday,2015,4,November,47,582,0,582,0,0,0,582,0,5822015-11-29,17,Leeds,Commercial Street at Barratts,,Sunday,2015,4,November,47,382,0,382,0,0,0,382,0,3822015-11-29,17,Leeds,Headrow,,Sunday,2015,4,November,47,716,0,716,0,0,0,716,0,7162015-11-29,17,Leeds,"Dortmund Square	",,Sunday,2015,4,November,47,712,0,712,0,0,0,712,0,7122015-11-29,17,Leeds,Albion Street South,,Sunday,2015,4,November,47,1054,0,1054,0,0,0,1054,0,10542015-11-29,17,Leeds,Albion Street North,,Sunday,2015,4,November,47,429,0,429,0,0,0,429,0,4292015-11-29,18,Leeds,Briggate,,Sunday,2015,4,November,47,457,0,457,0,0,0,457,0,4572015-11-29,18,Leeds,"Briggate at McDonalds	",,Sunday,2015,4,November,47,376,0,376,0,0,0,376,0,3762015-11-29,18,Leeds,Commercial Street at Sharps,,Sunday,2015,4,November,47,311,0,311,0,0,0,311,0,3112015-11-29,18,Leeds,Commercial Street at Barratts,,Sunday,2015,4,November,47,155,0,155,0,0,0,155,0,1552015-11-29,18,Leeds,Headrow,,Sunday,2015,4,November,47,269,0,269,0,0,0,269,0,2692015-11-29,18,Leeds,"Dortmund Square	",,Sunday,2015,4,November,47,430,0,430,0,0,0,430,0,4302015-11-29,18,Leeds,Albion Street South,,Sunday,2015,4,November,47,296,0,296,0,0,0,296,0,2962015-11-29,18,Leeds,Albion Street North,,Sunday,2015,4,November,47,243,0,243,0,0,0,243,0,2432015-11-29,19,Leeds,Briggate,,Sunday,2015,4,November,47,346,0,346,0,0,0,346,0,3462015-11-29,19,Leeds,"Briggate at McDonalds	",,Sunday,2015,4,November,47,203,0,203,0,0,0,203,0,2032015-11-29,19,Leeds,Commercial Street at Sharps,,Sunday,2015,4,November,47,195,0,195,0,0,0,195,0,1952015-11-29,19,Leeds,Commercial Street at Barratts,,Sunday,2015,4,November,47,107,0,107,0,0,0,107,0,1072015-11-29,19,Leeds,Headrow,,Sunday,2015,4,November,47,444,0,444,0,0,0,444,0,4442015-11-29,19,Leeds,"Dortmund Square	",,Sunday,2015,4,November,47,262,0,262,0,0,0,262,0,2622015-11-29,19,Leeds,Albion Street South,,Sunday,2015,4,November,47,184,0,184,0,0,0,184,0,1842015-11-29,19,Leeds,Albion Street North,,Sunday,2015,4,November,47,166,0,166,0,0,0,166,0,1662015-11-29,20,Leeds,Briggate,,Sunday,2015,4,November,47,235,0,235,0,0,0,235,0,2352015-11-29,20,Leeds,"Briggate at McDonalds	",,Sunday,2015,4,November,47,134,0,134,0,0,0,134,0,1342015-11-29,20,Leeds,Commercial Street at Sharps,,Sunday,2015,4,November,47,121,0,121,0,0,0,121,0,1212015-11-29,20,Leeds,Commercial Street at Barratts,,Sunday,2015,4,November,47,66,0,66,0,0,0,66,0,662015-11-29,20,Leeds,Headrow,,Sunday,2015,4,November,47,330,0,330,0,0,0,330,0,3302015-11-29,20,Leeds,"Dortmund Square	",,Sunday,2015,4,November,47,175,0,175,0,0,0,175,0,1752015-11-29,20,Leeds,Albion Street South,,Sunday,2015,4,November,47,102,0,102,0,0,0,102,0,1022015-11-29,20,Leeds,Albion Street North,,Sunday,2015,4,November,47,109,0,109,0,0,0,109,0,1092015-11-29,21,Leeds,Briggate,,Sunday,2015,4,November,47,205,0,205,0,0,0,205,0,2052015-11-29,21,Leeds,"Briggate at McDonalds	",,Sunday,2015,4,November,47,113,0,113,0,0,0,113,0,1132015-11-29,21,Leeds,Commercial Street at Sharps,,Sunday,2015,4,November,47,83,0,83,0,0,0,83,0,832015-11-29,21,Leeds,Commercial Street at Barratts,,Sunday,2015,4,November,47,95,0,95,0,0,0,95,0,952015-11-29,21,Leeds,Headrow,,Sunday,2015,4,November,47,731,0,731,0,0,0,731,0,7312015-11-29,21,Leeds,"Dortmund Square	",,Sunday,2015,4,November,47,178,0,178,0,0,0,178,0,1782015-11-29,21,Leeds,Albion Street South,,Sunday,2015,4,November,47,99,0,99,0,0,0,99,0,992015-11-29,21,Leeds,Albion Street North,,Sunday,2015,4,November,47,66,0,66,0,0,0,66,0,662015-11-29,22,Leeds,Briggate,,Sunday,2015,4,November,47,171,0,171,0,0,0,171,0,1712015-11-29,22,Leeds,"Briggate at McDonalds	",,Sunday,2015,4,November,47,173,0,173,0,0,0,173,0,1732015-11-29,22,Leeds,Commercial Street at Sharps,,Sunday,2015,4,November,47,80,0,80,0,0,0,80,0,802015-11-29,22,Leeds,Commercial Street at Barratts,,Sunday,2015,4,November,47,66,0,66,0,0,0,66,0,662015-11-29,22,Leeds,Headrow,,Sunday,2015,4,November,47,461,0,461,0,0,0,461,0,4612015-11-29,22,Leeds,"Dortmund Square	",,Sunday,2015,4,November,47,123,0,123,0,0,0,123,0,1232015-11-29,22,Leeds,Albion Street South,,Sunday,2015,4,November,47,418,0,418,0,0,0,418,0,4182015-11-29,22,Leeds,Albion Street North,,Sunday,2015,4,November,47,47,0,47,0,0,0,47,0,472015-11-29,23,Leeds,Briggate,,Sunday,2015,4,November,47,126,0,126,0,0,0,126,0,1262015-11-29,23,Leeds,"Briggate at McDonalds	",,Sunday,2015,4,November,47,92,0,92,0,0,0,92,0,922015-11-29,23,Leeds,Commercial Street at Sharps,,Sunday,2015,4,November,47,73,0,73,0,0,0,73,0,732015-11-29,23,Leeds,Commercial Street at Barratts,,Sunday,2015,4,November,47,27,0,27,0,0,0,27,0,272015-11-29,23,Leeds,Headrow,,Sunday,2015,4,November,47,95,0,95,0,0,0,95,0,952015-11-29,23,Leeds,"Dortmund Square	",,Sunday,2015,4,November,47,109,0,109,0,0,0,109,0,1092015-11-29,23,Leeds,Albion Street South,,Sunday,2015,4,November,47,124,0,124,0,0,0,124,0,1242015-11-29,23,Leeds,Albion Street North,,Sunday,2015,4,November,47,20,0,20,0,0,0,20,0,20
